type	latitude	longitude	altitude (m)	name	desc	kml_folder
T	41.569723528	2.261056425	120.8	Left Boundary		Left Boundary.kml
T	41.569693215	2.261030469	120.7			
T	41.569627584	2.260972897	120.5			
T	41.569560788	2.260915906	120.5			
T	41.569515928	2.260880338	120.7			
T	41.569453983	2.260833111	121.0			
T	41.569395059	2.260774293	120.6			
T	41.569328332	2.260727114	120.4			
T	41.569247483	2.260655850	120.1			
T	41.569154857	2.260580038	120.0			
T	41.569089004	2.260522283	120.2			
T	41.569016777	2.260456517	120.3			
T	41.568930544	2.260388330	120.3			
T	41.568837544	2.260314922	120.2			
T	41.568744851	2.260227087	120.4			
T	41.568630751	2.260130073	120.4			
T	41.568500060	2.260021089	120.0			
T	41.568389219	2.259932712	120.0			
T	41.568249484	2.259818500	120.0			
T	41.568059064	2.259657572	119.8			
T	41.567955266	2.259574736	119.3			
T	41.567865788	2.259487003	119.0			
T	41.567764435	2.259412082	119.0			
T	41.567649527	2.259304656	119.0			
T	41.567535454	2.259213488	119.0			
T	41.567395569	2.259100103	118.8			
T	41.567244412	2.258970989	118.3			
T	41.567078804	2.258828767	117.4			
T	41.566894589	2.258683737	116.8			
T	41.566764452	2.258570373	116.3			
T	41.566592541	2.258416694	115.5			
T	41.566424281	2.258270826	115.0			
T	41.566289373	2.258172075	114.7			
T	41.566177677	2.258073880	114.9			
T	41.566052400	2.257974524	114.4			
T	41.565950694	2.257891492	113.9			
T	41.565828527	2.257784656	114.0			
T	41.565718766	2.257684014	113.7			
T	41.565663236	2.257642554	113.7			
T	41.565604071	2.257594464	113.7			
T	41.565543856	2.257545583	113.8			
T	41.565479421	2.257484798	113.7			
T	41.565417037	2.257435214	113.4			
T	41.565375126	2.257401129	113.2			
T	41.565326297	2.257359656	113.1			
T	41.565284554	2.257328965	113.0			
T	41.565242162	2.257293067	112.9			
T	41.565202140	2.257262469	112.9			
T	41.565169897	2.257236513	113.0			
T	41.565132569	2.257205276	113.0			
T	41.565090443	2.257168854	113.0			
T	41.565053794	2.257137802	113.0			
T	41.565012882	2.257104746	113.0			
T	41.564971346	2.257068092	112.9			
T	41.564923477	2.257030905	112.8			
T	41.564868727	2.256985136	112.9			
T	41.564830150	2.256945315	113.0			
T	41.564782513	2.256907926	112.9			
T	41.564744256	2.256874432	112.7			
T	41.564713876	2.256836454	112.6			
T	41.564677640	2.256784028	112.4			
T	41.564646083	2.256730514	112.4			
T	41.564616936	2.256660405	112.4			
T	41.564609698	2.256625550	112.4			
T	41.564599007	2.256600147	112.4			
T	41.564592122	2.256566770	112.5			
T	41.564585047	2.256536996	112.5			
T	41.564582060	2.256497668	112.5			
T	41.564575646	2.256465609	112.5			
T	41.564571810	2.256427177	112.5			
T	41.564573995	2.256391207	112.5			
T	41.564572837	2.256353515	112.6			
T	41.564583167	2.256319902	112.6			
T	41.564589999	2.256287932	112.7			
T	41.564595957	2.256258206	112.7			
T	41.564601380	2.256220902	112.8			
T	41.564613940	2.256191580	112.8			
T	41.564626727	2.256160602	112.9			
T	41.564638142	2.256126437	113.0			
T	41.564651926	2.256090893	113.0			
T	41.564666994	2.256065539	113.0			
T	41.564683717	2.256023871	113.0			
T	41.564702001	2.255993033	113.0			
T	41.564719519	2.255953900	113.0			
T	41.564734463	2.255917301	113.0			
T	41.564751456	2.255884987	113.0			
T	41.564766178	2.255849907	113.0			
T	41.564779019	2.255822823	113.0			
T	41.564795256	2.255794600	113.1			
T	41.564806791	2.255766363	113.2			
T	41.564813537	2.255737838	113.3			
T	41.564821890	2.255702547	113.5			
T	41.564828919	2.255672131	113.6			
T	41.564834572	2.255641912	113.7			
T	41.564840537	2.255611580	113.8			
T	41.564841377	2.255578453	113.9			
T	41.564847630	2.255547588	114.0			
T	41.564845751	2.255514563	114.1			
T	41.564844998	2.255485328	114.3			
T	41.564846770	2.255454440	114.4			
T	41.564845694	2.255427521	114.5			
T	41.564842404	2.255391109	114.6			
T	41.564836683	2.255349908	114.7			
T	41.564830523	2.255312906	114.9			
T	41.564818343	2.255274874	115.0			
T	41.564806492	2.255234488	115.2			
T	41.564795702	2.255200276	115.3			
T	41.564773966	2.255154081	115.4			
T	41.564754404	2.255111224	115.6			
T	41.564731532	2.255070718	115.7			
T	41.564702003	2.255012811	116.0			
T	41.564667816	2.254952440	116.3			
T	41.564632893	2.254899994	116.6			
T	41.564597334	2.254835608	116.8			
T	41.564561670	2.254767358	116.9			
T	41.564521036	2.254682810	117.1			
T	41.564480710	2.254617116	117.4			
T	41.564439136	2.254539151	117.7			
T	41.564399034	2.254468343	118.3			
T	41.564366764	2.254418278	118.6			
T	41.564343570	2.254354758	118.9			
T	41.564307184	2.254293023	119.3			
T	41.564278857	2.254226099	119.5			
T	41.564252770	2.254160639	119.7			
T	41.564214628	2.254058381	120.2			
T	41.564189707	2.253951441	120.7			
T	41.564169677	2.253847355	121.0			
T	41.564159192	2.253781966	121.0			
T	41.564150596	2.253711259	121.1			
T	41.564149435	2.253649835	121.1			
T	41.564150544	2.253590446	121.2			
T	41.564133558	2.253503318	121.8			
T	41.564140400	2.253461898	122.1			
T	41.564135875	2.253414025	122.5			
T	41.564136346	2.253372454	122.7			
T	41.564138978	2.253329748	123.0			
T	41.564139625	2.253278772	123.0			
T	41.564154082	2.253241204	123.0			
T	41.564165985	2.253203643	123.0			
T	41.564178520	2.253149098	123.0			
T	41.564194935	2.253103643	123.1			
T	41.564207315	2.253043330	123.2			
T	41.564219609	2.252997906	123.4			
T	41.564240695	2.252946421	123.6			
T	41.564261628	2.252887557	123.7			
T	41.564284096	2.252843964	123.9			
T	41.564303914	2.252785645	124.0			
T	41.564321215	2.252733897	124.2			
T	41.564337793	2.252685787	124.3			
T	41.564370279	2.252663480	124.4			
T	41.564396872	2.252617496	124.6			
T	41.564422183	2.252585446	124.7			
T	41.564436735	2.252544915	124.8			
T	41.564471412	2.252518010	125.0			
T	41.564491532	2.252490618	125.0			
T	41.564515116	2.252471252	125.1			
T	41.564538471	2.252446181	125.2			
T	41.564554412	2.252421254	125.3			
T	41.564569294	2.252394173	125.4			
T	41.564591310	2.252380008	125.4			
T	41.564611201	2.252356958	125.5			
T	41.564630131	2.252339782	125.6			
T	41.564651782	2.252325079	125.6			
T	41.564682096	2.252302165	125.7			
T	41.564700107	2.252290272	125.8			
T	41.564718935	2.252276299	125.8			
T	41.564743110	2.252262698	125.9			
T	41.564768719	2.252246337	125.9			
T	41.564799411	2.252226100	126.0			
T	41.564823498	2.252209930	126.0			
T	41.564848784	2.252198846	126.0			
T	41.564874773	2.252184623	126.1			
T	41.564905280	2.252173006	126.1			
T	41.564932073	2.252161678	126.2			
T	41.564961069	2.252153872	126.2			
T	41.564993106	2.252140024	126.3			
T	41.565014676	2.252128802	126.4			
T	41.565042583	2.252120184	126.5			
T	41.565070931	2.252111827	126.6			
T	41.565099844	2.252100918	126.6			
T	41.565131878	2.252097696	126.7			
T	41.565154170	2.252086537	126.8			
T	41.565185226	2.252086743	126.8			
T	41.565213300	2.252077904	126.9			
T	41.565246370	2.252077639	126.9			
T	41.565269496	2.252075075	127.0			
T	41.565291835	2.252072353	127.0			
T	41.565311662	2.252069530	127.0			
T	41.565332920	2.252068773	127.0			
T	41.565368040	2.252072025	127.0			
T	41.565403648	2.252073350	127.0			
T	41.565431129	2.252071623	127.0			
T	41.565468210	2.252075662	127.0			
T	41.565493217	2.252076131	127.0			
T	41.565524330	2.252078896	127.0			
T	41.565558778	2.252083608	127.0			
T	41.565596125	2.252089006	127.1			
T	41.565639738	2.252095596	127.1			
T	41.565679191	2.252105174	127.2			
T	41.565725298	2.252116943	127.2			
T	41.565751679	2.252118561	127.3			
T	41.565787324	2.252127801	127.3			
T	41.565826079	2.252139969	127.3			
T	41.565846275	2.252148378	127.3			
T	41.565866213	2.252155959	127.3			
T	41.565892582	2.252162023	127.4			
T	41.565918549	2.252171327	127.4			
T	41.565945280	2.252180705	127.5			
T	41.565966879	2.252190487	127.5			
T	41.565986429	2.252194439	127.6			
T	41.566007708	2.252207344	127.6			
T	41.566028486	2.252215635	127.7			
T	41.566047135	2.252221742	127.8			
T	41.566070455	2.252232015	127.9			
T	41.566090564	2.252240960	127.9			
T	41.566109031	2.252249705	128.0			
T	41.566124687	2.252256395	128.0			
T	41.566141312	2.252266504	128.1			
T	41.566159792	2.252275336	128.1			
T	41.566185411	2.252291043	128.2			
T	41.566207518	2.252300618	128.2			
T	41.566228119	2.252311727	128.3			
T	41.566246167	2.252321113	128.3			
T	41.566262360	2.252330750	128.3			
T	41.566280820	2.252342292	128.3			
T	41.566299260	2.252353961	128.4			
T	41.566315179	2.252365820	128.4			
T	41.566331899	2.252378996	128.3			
T	41.566348572	2.252387049	128.3			
T	41.566363334	2.252398192	128.3			
T	41.566380006	2.252410297	128.3			
T	41.566398645	2.252421744	128.3			
T	41.566410623	2.252431417	128.3			
T	41.566422909	2.252439113	128.3			
T	41.566434564	2.252447495	128.3			
T	41.566447774	2.252458790	128.3			
T	41.566461498	2.252468410	128.3			
T	41.566487927	2.252492613	128.4			
T	41.566510350	2.252508787	128.5			
T	41.566530594	2.252527732	128.6			
T	41.566552717	2.252547207	128.7			
T	41.566576095	2.252566218	128.8			
T	41.566597079	2.252583227	128.8			
T	41.566617006	2.252597852	128.9			
T	41.566639516	2.252618442	128.9			
T	41.566658013	2.252633784	129.0			
T	41.566674754	2.252649531	129.0			
T	41.566689364	2.252661880	129.0			
T	41.566702302	2.252671856	129.0			
T	41.566716707	2.252683879	129.1			
T	41.566744721	2.252705538	129.1			
T	41.566777392	2.252733920	129.1			
T	41.566813358	2.252765915	129.0			
T	41.566841763	2.252787997	129.0			
T	41.566872535	2.252818945	129.1			
T	41.566891412	2.252832688	129.1			
T	41.566910962	2.252848365	129.1			
T	41.566930718	2.252866154	129.0			
T	41.566951463	2.252883508	129.0			
T	41.566982727	2.252909459	129.1			
T	41.567011396	2.252932496	129.2			
T	41.567042680	2.252958872	129.4			
T	41.567065422	2.252981200	129.4			
T	41.567098491	2.253003748	129.6			
T	41.567119110	2.253022456	129.6			
T	41.567142594	2.253041509	129.7			
T	41.567167404	2.253063211	129.8			
T	41.567208732	2.253097206	130.0			
T	41.567236155	2.253123153	130.0			
T	41.567266304	2.253146914	130.0			
T	41.567292033	2.253168427	130.0			
T	41.567326569	2.253199310	130.0			
T	41.567351126	2.253218699	130.0			
T	41.567376992	2.253237054	130.0			
T	41.567399657	2.253256488	130.0			
T	41.567420701	2.253277353	130.0			
T	41.567446117	2.253296723	130.0			
T	41.567486875	2.253330765	130.0			
T	41.567513923	2.253352053	130.1			
T	41.567545363	2.253377076	130.2			
T	41.567572334	2.253401796	130.3			
T	41.567596593	2.253425346	130.3			
T	41.567620866	2.253442510	130.4			
T	41.567639801	2.253458117	130.5			
T	41.567659102	2.253474268	130.6			
T	41.567676156	2.253490140	130.6			
T	41.567693178	2.253506023	130.7			
T	41.567710539	2.253519655	130.8			
T	41.567728052	2.253532679	130.8			
T	41.567739412	2.253544358	130.9			
T	41.567755651	2.253556079	130.9			
T	41.567769216	2.253568203	131.0			
T	41.567938707	2.253712324	131.0			
T	41.567963096	2.253731189	131.0			
T	41.567991526	2.253756653	131.0			
T	41.568013678	2.253773321	131.0			
T	41.568037008	2.253795205	131.0			
T	41.568058276	2.253811378	131.0			
T	41.568080965	2.253832763	131.1			
T	41.568109695	2.253857210	131.3			
T	41.568135369	2.253877282	131.3			
T	41.568159920	2.253899851	131.4			
T	41.568191554	2.253924195	131.6			
T	41.568210582	2.253938520	131.6			
T	41.568231451	2.253954794	131.7			
T	41.568255157	2.253975483	131.8			
T	41.568277619	2.253998909	131.9			
T	41.568302100	2.254025461	131.9			
T	41.568323167	2.254048539	132.0			
T	41.568338722	2.254069595	132.0			
T	41.568351165	2.254091251	132.1			
T	41.568367328	2.254114916	132.1			
T	41.568382305	2.254141712	132.2			
T	41.568397333	2.254168942	132.2			
T	41.568411352	2.254194606	132.3			
T	41.568418248	2.254212903	132.3			
T	41.568428534	2.254237361	132.3			
T	41.568436233	2.254257568	132.4			
T	41.568440553	2.254271192	132.4			
T	41.568449842	2.254291519	132.4			
T	41.568457469	2.254315740	132.4			
T	41.568464106	2.254347484	132.5			
T	41.568467541	2.254367880	132.5			
T	41.568473103	2.254389725	132.5			
T	41.568475259	2.254406445	132.5			
T	41.568476753	2.254425311	132.5			
T	41.568478038	2.254436162	132.5			
T	41.568482018	2.254450581	132.5			
T	41.568488006	2.254471357	132.6			
T	41.568489075	2.254481421	132.6			
T	41.568489528	2.254504728	132.6			
T	41.568489586	2.254525137	132.6			
T	41.568491172	2.254544142	132.6			
T	41.568488135	2.254560313	132.6			
T	41.568490303	2.254588271	132.6			
T	41.568487358	2.254613585	132.6			
T	41.568487474	2.254639293	132.6			
T	41.568484314	2.254660344	132.5			
T	41.568483896	2.254692336	132.5			
T	41.568480680	2.254723394	132.5			
T	41.568474318	2.254750775	132.6			
T	41.568468209	2.254778830	132.7			
T	41.568462029	2.254811408	132.8			
T	41.568453978	2.254837215	132.8			
T	41.568447657	2.254860406	132.9			
T	41.568440892	2.254879697	133.0			
T	41.568430600	2.254906724	133.0			
T	41.568420914	2.254933315	133.1			
T	41.568406572	2.254961395	133.1			
T	41.568391678	2.254987741	133.2			
T	41.568377800	2.255024328	133.2			
T	41.568363689	2.255051212	133.3			
T	41.568350284	2.255069056	133.3			
T	41.568334063	2.255085037	133.3			
T	41.568321834	2.255112602	133.4			
T	41.568307298	2.255133298	133.4			
T	41.568289641	2.255161460	133.5			
T	41.568276162	2.255177742	133.5			
T	41.568257297	2.255201462	133.5			
T	41.568239588	2.255216686	133.5			
T	41.568228061	2.255236772	133.5			
T	41.568209934	2.255245552	133.5			
T	41.568192008	2.255267054	133.5			
T	41.568164786	2.255282117	133.4			
T	41.568150180	2.255299332	133.4			
T	41.568124534	2.255318295	133.4			
T	41.568104248	2.255332751	133.3			
T	41.568079145	2.255348836	133.3			
T	41.568057907	2.255363004	133.3			
T	41.568037151	2.255379122	133.4			
T	41.568012934	2.255386957	133.4			
T	41.567983926	2.255398047	133.4			
T	41.567964558	2.255402410	133.4			
T	41.567945742	2.255413379	133.5			
T	41.567925682	2.255415381	133.5			
T	41.567905923	2.255423275	133.5			
T	41.567886548	2.255424687	133.5			
T	41.567869406	2.255434683	133.6			
T	41.567842307	2.255439388	133.6			
T	41.567819185	2.255437920	133.6			
T	41.567790650	2.255440736	133.6			
T	41.567760894	2.255448886	133.6			
T	41.567738546	2.255449774	133.6			
T	41.567709161	2.255452282	133.6			
T	41.567673653	2.255452583	133.6			
T	41.567652906	2.255455977	133.6			
T	41.567621994	2.255453019	133.6			
T	41.567600650	2.255450684	133.6			
T	41.567568775	2.255447454	133.6			
T	41.567535399	2.255439253	133.6			
T	41.567502796	2.255433616	133.6			
T	41.567467810	2.255422491	133.5			
T	41.567433393	2.255412172	133.5			
T	41.567391226	2.255400940	133.4			
T	41.567351884	2.255377202	133.4			
T	41.567292909	2.255359187	133.3			
T	41.567257672	2.255332798	133.2			
T	41.567216905	2.255318909	133.1			
T	41.567188475	2.255301407	133.1			
T	41.567149958	2.255270695	133.0			
T	41.567097799	2.255232352	133.0			
T	41.567070650	2.255208568	133.0			
T	41.567048406	2.255186751	133.0			
T	41.567025599	2.255167731	133.0			
T	41.567000706	2.255149898	133.0			
T	41.566973230	2.255126533	133.0			
T	41.566947142	2.255104553	133.0			
T	41.566916769	2.255079581	132.9			
T	41.566892328	2.255059000	132.8			
T	41.566866296	2.255038286	132.7			
T	41.566838787	2.255011851	132.6			
T	41.566807832	2.254983818	132.5			
T	41.566761800	2.254952631	132.3			
T	41.566746181	2.254935056	132.3			
T	41.566725010	2.254914781	132.2			
T	41.566699330	2.254892937	132.1			
T	41.566671205	2.254868279	132.0			
T	41.566646365	2.254850296	131.9			
T	41.566623735	2.254827728	131.8			
T	41.566598930	2.254807771	131.8			
T	41.566571492	2.254784178	131.7			
T	41.566542178	2.254763121	131.6			
T	41.566514137	2.254741134	131.5			
T	41.566483976	2.254711081	131.4			
T	41.566453047	2.254685472	131.3			
T	41.566420001	2.254655106	131.2			
T	41.566384924	2.254628931	131.0			
T	41.566346905	2.254591889	130.9			
T	41.566295779	2.254551222	130.9			
T	41.566243980	2.254508561	130.9			
T	41.566199524	2.254470801	130.9			
T	41.566157805	2.254430760	131.0			
T	41.566081178	2.254366400	130.7			
T	41.566039992	2.254338494	130.3			
T	41.566016258	2.254313971	130.1			
T	41.565989335	2.254293193	129.9			
T	41.565964732	2.254271944	129.7			
T	41.565936444	2.254246289	129.6			
T	41.565912696	2.254225822	129.4			
T	41.565885790	2.254203561	129.3			
T	41.565864433	2.254183600	129.2			
T	41.565831206	2.254158871	129.0			
T	41.565803893	2.254132798	128.9			
T	41.565778344	2.254112345	128.8			
T	41.565756708	2.254094983	128.7			
T	41.565729045	2.254077123	128.6			
T	41.565704172	2.254063294	128.4			
T	41.565678234	2.254053151	128.3			
T	41.565647300	2.254050577	128.1			
T	41.565626199	2.254048093	127.9			
T	41.565625585	2.254047724	127.9			
T	41.565615110	2.254043951	127.9			
T	41.565599413	2.254049855	127.7			
T	41.565589120	2.254050267	127.7			
T	41.565570577	2.254056170	127.5			
T	41.565557045	2.254056739	127.4			
T	41.565539680	2.254060900	127.4			
T	41.565527798	2.254069726	127.3			
T	41.565511741	2.254078221	127.3			
T	41.565499949	2.254087163	127.3			
T	41.565485866	2.254096111	127.3			
T	41.565475887	2.254109305	127.2			
T	41.565464470	2.254122205	127.2			
T	41.565453966	2.254135074	127.1			
T	41.565445428	2.254145395	127.1			
T	41.565431710	2.254161290	127.0			
T	41.565425947	2.254177279	126.9			
T	41.565417571	2.254191152	126.9			
T	41.565410697	2.254209945	126.8			
T	41.565400412	2.254219361	126.7			
T	41.565391366	2.254237990	126.6			
T	41.565379143	2.254254639	126.6			
T	41.565377512	2.254273044	126.5			
T	41.565373949	2.254288323	126.4			
T	41.565370089	2.254306912	126.3			
T	41.565367969	2.254323236	126.3			
T	41.565362755	2.254341510	126.2			
T	41.565360737	2.254355042	126.1			
T	41.565359030	2.254374773	126.0			
T	41.565359607	2.254392089	125.9			
T	41.565356639	2.254409139	125.9			
T	41.565358706	2.254421527	125.8			
T	41.565360101	2.254435332	125.7			
T	41.565358770	2.254446489	125.7			
T	41.565360405	2.254458559	125.6			
T	41.565361059	2.254467705	125.6			
T	41.565361590	2.254481554	125.5			
T	41.565362945	2.254494336	125.4			
T	41.565365900	2.254508614	125.3			
T	41.565367455	2.254518525	125.2			
T	41.565370194	2.254529983	125.2			
T	41.565377767	2.254540932	125.1			
T	41.565382106	2.254554984	125.0			
T	41.565392644	2.254583103	124.8			
T	41.565402898	2.254611003	124.6			
T	41.565409773	2.254635434	124.5			
T	41.565418443	2.254659867	124.3			
T	41.565427495	2.254684402	124.2			
T	41.565435145	2.254709817	124.1			
T	41.565442678	2.254737056	123.9			
T	41.565450758	2.254763006	123.8			
T	41.565460390	2.254787234	123.6			
T	41.565467414	2.254808442	123.5			
T	41.565474626	2.254826127	123.4			
T	41.565476506	2.254842792	123.3			
T	41.565486451	2.254867220	123.1			
T	41.565492010	2.254882249	123.0			
T	41.565498349	2.254898211	122.9			
T	41.565504241	2.254919378	122.7			
T	41.565509288	2.254932937	122.6			
T	41.565514011	2.254948551	122.5			
T	41.565518572	2.254961307	122.4			
T	41.565521493	2.254976977	122.3			
T	41.565529545	2.254991863	122.1			
T	41.565534426	2.255011441	122.0			
T	41.565540961	2.255028892	121.9			
T	41.565546343	2.255041809	121.9			
T	41.565550059	2.255051434	121.8			
T	41.565557488	2.255081501	121.7			
T	41.565568903	2.255114954	121.8			
T	41.565582651	2.255153714	121.8			
T	41.565596265	2.255190287	121.7			
T	41.565608038	2.255227982	121.7			
T	41.565622948	2.255266253	121.6			
T	41.565635403	2.255305067	121.4			
T	41.565645959	2.255334519	121.2			
T	41.565654066	2.255356465	121.1			
T	41.565662072	2.255377918	121.0			
T	41.565667406	2.255399184	120.8			
T	41.565674525	2.255424466	120.7			
T	41.565683567	2.255449853	120.4			
T	41.565695266	2.255481071	120.2			
T	41.565706621	2.255506929	119.9			
T	41.565710938	2.255528508	119.7			
T	41.565718844	2.255546014	119.5			
T	41.565724739	2.255569687	119.3			
T	41.565727424	2.255590808	119.3			
T	41.565735526	2.255607640	119.2			
T	41.565743718	2.255628219	119.1			
T	41.565748787	2.255647778	119.0			
T	41.565757025	2.255666649	118.9			
T	41.565762303	2.255682309	118.8			
T	41.565768992	2.255702928	118.7			
T	41.565775299	2.255721806	118.6			
T	41.565780792	2.255739527	118.5			
T	41.565788380	2.255762610	118.4			
T	41.565795684	2.255784656	118.3			
T	41.565803269	2.255806801	118.2			
T	41.565811587	2.255827617	118.1			
T	41.565819357	2.255849587	118.0			
T	41.565825803	2.255869646	117.9			
T	41.565830324	2.255889105	117.8			
T	41.565834591	2.255906475	117.8			
T	41.565842206	2.255924443	117.8			
T	41.565849284	2.255941140	117.8			
T	41.565854063	2.255956858	117.8			
T	41.565860161	2.255970430	117.8			
T	41.565863799	2.255985389	117.8			
T	41.565868440	2.255996892	117.8			
T	41.565894747	2.256068910	117.7			
T	41.565902529	2.256086313	117.7			
T	41.565908109	2.256106484	117.6			
T	41.565917072	2.256123404	117.6			
T	41.565922107	2.256134766	117.6			
T	41.565925155	2.256150098	117.5			
T	41.565928014	2.256157888	117.5			
T	41.565934959	2.256169683	117.5			
T	41.565939717	2.256182702	117.5			
T	41.565961745	2.256231044	117.3			
T	41.565977479	2.256267018	117.2			
T	41.565989478	2.256298530	117.0			
T	41.566009515	2.256338780	116.7			
T	41.566028695	2.256377022	116.4			
T	41.566047143	2.256409204	116.2			
T	41.566065462	2.256448327	116.0			
T	41.566084746	2.256475332	115.8			
T	41.566102980	2.256507011	115.6			
T	41.566114440	2.256531344	115.5			
T	41.566132564	2.256557168	115.6			
T	41.566143106	2.256575314	115.6			
T	41.566154592	2.256598210	115.6			
T	41.566170614	2.256618735	115.5			
T	41.566180653	2.256635069	115.5			
T	41.566192213	2.256656627	115.4			
T	41.566204383	2.256675746	115.3			
T	41.566214294	2.256687458	115.3			
T	41.566225857	2.256702944	115.4			
T	41.566238661	2.256718263	115.4			
T	41.566247855	2.256732183	115.4			
T	41.566273895	2.256763171	115.4			
T	41.566293403	2.256796775	115.3			
T	41.566319424	2.256828461	115.3			
T	41.566340711	2.256852943	115.3			
T	41.566366536	2.256884315	115.2			
T	41.566395764	2.256920510	115.1			
T	41.566420344	2.256943837	115.0			
T	41.566444754	2.256971372	115.0			
T	41.566461724	2.256991157	115.0			
T	41.566485170	2.257013215	115.0			
T	41.566502486	2.257028222	115.0			
T	41.566514826	2.257041592	115.0			
T	41.566543541	2.257066004	115.0			
T	41.566569935	2.257092857	115.0			
T	41.566592496	2.257111761	115.0			
T	41.566615706	2.257131882	115.0			
T	41.566638859	2.257150666	115.0			
T	41.566660687	2.257170981	115.0			
T	41.566682477	2.257189915	115.1			
T	41.566702851	2.257205760	115.2			
T	41.566741115	2.257240439	115.2			
T	41.566778524	2.257274941	115.3			
T	41.566810419	2.257297519	115.4			
T	41.566836646	2.257319885	115.4			
T	41.566858292	2.257340226	115.4			
T	41.566883439	2.257362159	115.4			
T	41.566903158	2.257378293	115.4			
T	41.566924069	2.257397126	115.3			
T	41.566942827	2.257413815	115.3			
T	41.566958047	2.257427361	115.3			
T	41.566971672	2.257438720	115.3			
T	41.566992828	2.257457524	115.2			
T	41.567009209	2.257470156	115.2			
T	41.567025158	2.257483631	115.1			
T	41.567038630	2.257496291	115.0			
T	41.567052882	2.257507782	115.0			
T	41.567062552	2.257515365	115.1			
T	41.567070921	2.257523227	115.1			
T	41.567077745	2.257527993	115.1			
T	41.567086404	2.257535439	115.1			
T	41.567094597	2.257541724	115.2			
T	41.567101499	2.257548701	115.2			
T	41.567126815	2.257569130	115.2			
T	41.567139078	2.257579733	115.3			
T	41.567156519	2.257593451	115.3			
T	41.567169215	2.257606262	115.4			
T	41.567185291	2.257619498	115.4			
T	41.567194940	2.257626502	115.5			
T	41.567203488	2.257633630	115.5			
T	41.567212121	2.257641286	115.5			
T	41.567222006	2.257649807	115.5			
T	41.567233673	2.257659890	115.6			
T	41.567242899	2.257665371	115.7			
T	41.567253663	2.257675960	115.8			
T	41.567265129	2.257682207	115.9			
T	41.567276425	2.257691325	115.9			
T	41.567284624	2.257696571	116.0			
T	41.567293000	2.257700519	116.0			
T	41.567302164	2.257704952	116.1			
T	41.567311669	2.257710134	116.2			
T	41.567322730	2.257714003	116.2			
T	41.567332068	2.257717806	116.3			
T	41.567340472	2.257719906	116.3			
T	41.567352254	2.257722671	116.4			
T	41.567361632	2.257724600	116.4			
T	41.567368936	2.257725458	116.4			
T	41.567377228	2.257726855	116.5			
T	41.567385206	2.257726296	116.5			
T	41.567392516	2.257727244	116.5			
T	41.567400547	2.257727776	116.6			
T	41.567408578	2.257728653	116.6			
T	41.567416450	2.257726558	116.6			
T	41.567426313	2.257725657	116.7			
T	41.567437123	2.257723304	116.7			
T	41.567445175	2.257722145	116.8			
T	41.567454816	2.257721541	116.8			
T	41.567464911	2.257718563	116.8			
T	41.567472941	2.257716762	116.9			
T	41.567480216	2.257713745	116.9			
T	41.567486941	2.257711991	116.9			
T	41.567492642	2.257708982	117.0			
T	41.567499347	2.257707134	117.0			
T	41.567504235	2.257704775	117.0			
T	41.567511524	2.257701497	117.1			
T	41.567516955	2.257697741	117.1			
T	41.567521826	2.257695126	117.1			
T	41.567524932	2.257693029	117.2			
T	41.567531706	2.257690162	117.2			
T	41.567537183	2.257686890	117.2			
T	41.567542095	2.257684138	117.3			
T	41.567545575	2.257680829	117.3			
T	41.567555041	2.257676230	117.3			
T	41.567560998	2.257671245	117.4			
T	41.567566793	2.257666345	117.4			
T	41.567571902	2.257662344	117.4			
T	41.567576825	2.257657891	117.4			
T	41.567582653	2.257654094	117.5			
T	41.567586534	2.257650560	117.5			
T	41.567594415	2.257644180	117.5			
T	41.567600542	2.257638107	117.5			
T	41.567605023	2.257631362	117.6			
T	41.567611902	2.257624291	117.6			
T	41.567618409	2.257619091	117.6			
T	41.567623258	2.257611046	117.6			
T	41.567628814	2.257602837	117.6			
T	41.567633673	2.257595438	117.6			
T	41.567638918	2.257588691	117.7			
T	41.567644842	2.257580538	117.7			
T	41.567651510	2.257571537	117.7			
T	41.567656401	2.257561249	117.7			
T	41.567661231	2.257552353	117.7			
T	41.567667936	2.257541614	117.7			
T	41.567671782	2.257526777	117.7			
T	41.567678468	2.257514257	117.7			
T	41.567684428	2.257498362	117.7			
T	41.567694008	2.257473631	117.9			
T	41.567708489	2.257448364	118.0			
T	41.567719902	2.257421794	118.2			
T	41.567734171	2.257392272	118.4			
T	41.567742908	2.257368012	118.5			
T	41.567757155	2.257335931	118.6			
T	41.567768469	2.257312246	118.7			
T	41.567780769	2.257285743	118.8			
T	41.567793623	2.257258151	118.9			
T	41.567804857	2.257234653	119.1			
T	41.567816549	2.257214979	119.2			
T	41.567829767	2.257192228	119.5			
T	41.567840894	2.257172639	119.7			
T	41.567850377	2.257155799	119.9			
T	41.567859991	2.257134848	120.1			
T	41.567873456	2.257115537	120.4			
T	41.567883739	2.257097778	120.6			
T	41.567901269	2.257074825	120.8			
T	41.567917174	2.257052115	121.0			
T	41.567928551	2.257036746	121.2			
T	41.567944282	2.257022085	121.3			
T	41.567955696	2.257003103	121.5			
T	41.567970266	2.256985461	121.7			
T	41.567987497	2.256967098	121.8			
T	41.568006750	2.256950979	121.9			
T	41.568024159	2.256935717	122.0			
T	41.568038257	2.256917673	122.1			
T	41.568058158	2.256902957	122.2			
T	41.568071579	2.256887407	122.3			
T	41.568071968	2.256886228	122.3			
T	41.568084513	2.256873497	122.4			
T	41.568103074	2.256863287	122.5			
T	41.568115835	2.256854529	122.5			
T	41.568134291	2.256846449	122.6			
T	41.568152641	2.256832143	122.8			
T	41.568174081	2.256816000	122.9			
T	41.568195581	2.256802831	123.0			
T	41.568218372	2.256792945	123.1			
T	41.568237520	2.256781619	123.2			
T	41.568258206	2.256769579	123.4			
T	41.568285012	2.256755676	123.5			
T	41.568298040	2.256747091	123.6			
T	41.568320723	2.256735345	123.7			
T	41.568346130	2.256722596	123.8			
T	41.568367403	2.256714377	124.0			
T	41.568382277	2.256702903	124.0			
T	41.568394547	2.256695841	124.1			
T	41.568408813	2.256688710	124.2			
T	41.568424290	2.256680059	124.3			
T	41.568434851	2.256671610	124.3			
T	41.568448604	2.256666997	124.4			
T	41.568464084	2.256657106	124.5			
T	41.568464202	2.256656745	124.5			
T	41.568478118	2.256649461	124.6			
T	41.568487764	2.256643212	124.6			
T	41.568496199	2.256638661	124.7			
T	41.568506343	2.256632754	124.7			
T	41.568515036	2.256629510	124.8			
T	41.568525884	2.256622690	124.9			
T	41.568536393	2.256615091	124.9			
T	41.568549450	2.256608140	125.0			
T	41.568562883	2.256601535	125.1			
T	41.568573218	2.256596273	125.1			
T	41.568584696	2.256589382	125.2			
T	41.568597687	2.256581500	125.3			
T	41.568607363	2.256578041	125.3			
T	41.568615073	2.256572602	125.4			
T	41.568624799	2.256567714	125.5			
T	41.568638592	2.256559493	125.6			
T	41.568638967	2.256559132	125.6			
T	41.568649517	2.256553560	125.7			
T	41.568669924	2.256542658	125.9			
T	41.568695447	2.256528071	126.1			
T	41.568716847	2.256516479	126.3			
T	41.568738432	2.256503797	126.5			
T	41.568759119	2.256489932	126.7			
T	41.568772616	2.256480341	126.8			
T	41.568792492	2.256470023	127.0			
T	41.568809233	2.256462571	127.2			
T	41.568823789	2.256452355	127.3			
T	41.568844107	2.256441925	127.5			
T	41.568861675	2.256431578	127.7			
T	41.568877350	2.256421903	127.8			
T	41.568889904	2.256413405	127.9			
T	41.568940643	2.256385566	128.2			
T	41.568962521	2.256375380	128.3			
T	41.568980233	2.256364658	128.4			
T	41.569000606	2.256351506	128.5			
T	41.569026313	2.256340224	128.7			
T	41.569049658	2.256325112	128.8			
T	41.569068925	2.256314510	128.9			
T	41.569085484	2.256305861	129.0			
T	41.569102566	2.256297247	129.1			
T	41.569125944	2.256283599	129.2			
T	41.569148458	2.256268845	129.4			
T	41.569170110	2.256258203	129.5			
T	41.569171411	2.256257486	129.5			
T	41.569187341	2.256246551	129.7			
T	41.569208945	2.256234389	129.9			
T	41.569224708	2.256225423	130.0			
T	41.569244191	2.256215998	130.2			
T	41.569260899	2.256207273	130.3			
T	41.569280885	2.256193909	130.5			
T	41.569306032	2.256181487	130.8			
T	41.569329127	2.256167986	131.0			
T	41.569354526	2.256155181	131.2			
T	41.569366834	2.256143649	131.3			
T	41.569387665	2.256131300	131.5			
T	41.569405860	2.256122144	131.7			
T	41.569421437	2.256113693	131.8			
T	41.569439689	2.256101025	132.1			
T	41.569458705	2.256093483	132.2			
T	41.569471908	2.256084614	132.4			
T	41.569485678	2.256078376	132.5			
T	41.569499845	2.256065692	132.6			
T	41.569516233	2.256060834	132.7			
T	41.569517229	2.256060069	132.7			
T	41.569529150	2.256052276	132.8			
T	41.569546636	2.256041591	132.9			
T	41.569562177	2.256031208	133.0			
T	41.569585515	2.256017792	133.2			
T	41.569606621	2.256005056	133.3			
T	41.569625616	2.255990696	133.4			
T	41.569643009	2.255985937	133.4			
T	41.569660952	2.255975381	133.5			
T	41.569676981	2.255965619	133.5			
T	41.569693242	2.255958504	133.6			
T	41.569709690	2.255951401	133.6			
T	41.569722804	2.255945049	133.6			
T	41.569739073	2.255938903	133.7			
T	41.569754637	2.255935884	133.7			
T	41.569767445	2.255930208	133.8			
T	41.569786935	2.255925908	133.9			
T	41.569803319	2.255919255	134.0			
T	41.569823761	2.255915061	134.1			
T	41.569840089	2.255910471	134.1			
T	41.569856366	2.255908813	134.2			
T	41.569874797	2.255906483	134.3			
T	41.569893891	2.255904517	134.4			
T	41.569913625	2.255902983	134.4			
T	41.569931193	2.255901288	134.5			
T	41.569946095	2.255901030	134.6			
T	41.569966358	2.255902740	134.6			
T	41.569981964	2.255902964	134.7			
T	41.569995110	2.255903280	134.7			
T	41.570008974	2.255905016	134.8			
T	41.570023962	2.255907639	134.8			
T	41.570036238	2.255909098	134.9			
T	41.570047915	2.255910478	134.9			
T	41.570063252	2.255912332	135.0			
T	41.570074705	2.255915265	135.1			
T	41.570088356	2.255917330	135.1			
T	41.570098387	2.255919461	135.2			
T	41.570108502	2.255921633	135.2			
T	41.570115461	2.255925737	135.2			
T	41.570134381	2.255928779	135.3			
T	41.570159170	2.255936857	135.4			
T	41.570175520	2.255942675	135.5			
T	41.570195727	2.255949180	135.6			
T	41.570211320	2.255956083	135.7			
T	41.570225256	2.255962341	135.7			
T	41.570236457	2.255966931	135.8			
T	41.570248434	2.255973049	135.8			
T	41.570259456	2.255980017	135.9			
T	41.570273981	2.255987454	136.0			
T	41.570286905	2.255994837	136.0			
T	41.570298936	2.256002388	136.1			
T	41.570308614	2.256007314	136.2			
T	41.570319090	2.256014133	136.2			
T	41.570328736	2.256020008	136.2			
T	41.570340025	2.256028481	136.3			
T	41.570352620	2.256036607	136.3			
T	41.570360347	2.256042578	136.4			
T	41.570368743	2.256049158	136.4			
T	41.570377363	2.256056661	136.4			
T	41.570386717	2.256062714	136.5			
T	41.570394920	2.256069297	136.5			
T	41.570405153	2.256078136	136.5			
T	41.570415896	2.256087290	136.5			
T	41.570425256	2.256094942	136.6			
T	41.570433022	2.256101570	136.6			
T	41.570441349	2.256108578	136.6			
T	41.570450411	2.256116386	136.6			
T	41.570456123	2.256122910	136.6			
T	41.570462922	2.256127851	136.6			
T	41.570468118	2.256135178	136.7			
T	41.570475336	2.256140292	136.7			
T	41.570481499	2.256147024	136.7			
T	41.570486005	2.256154126	136.7			
T	41.570499658	2.256168466	136.8			
T	41.570512573	2.256181302	136.8			
T	41.570519646	2.256190889	136.8			
T	41.570531274	2.256203072	136.9			
T	41.570539332	2.256212902	136.9			
T	41.570547078	2.256222929	137.0			
T	41.570552429	2.256231402	137.0			
T	41.570559206	2.256240554	137.0			
T	41.570569041	2.256252242	137.0			
T	41.570578976	2.256266739	137.1			
T	41.570588672	2.256279718	137.1			
T	41.570594745	2.256290034	137.1			
T	41.570604419	2.256300959	137.2			
T	41.570612185	2.256313431	137.2			
T	41.570618687	2.256324970	137.2			
T	41.570628571	2.256340704	137.3			
T	41.570636595	2.256353404	137.3			
T	41.570643452	2.256363604	137.3			
T	41.570652512	2.256378319	137.3			
T	41.570656815	2.256388110	137.4			
T	41.570663864	2.256399695	137.4			
T	41.570672460	2.256415762	137.3			
T	41.570678837	2.256426235	137.3			
T	41.570682795	2.256437531	137.3			
T	41.570688500	2.256451263	137.3			
T	41.570695510	2.256463044	137.2			
T	41.570698140	2.256471381	137.2			
T	41.570703517	2.256479306	137.2			
T	41.570706384	2.256488520	137.2			
T	41.570710953	2.256497062	137.2			
T	41.570715742	2.256505050	137.2			
T	41.570724912	2.256526374	137.1			
T	41.570732778	2.256544277	137.1			
T	41.570740261	2.256563907	137.0			
T	41.570745496	2.256572347	137.0			
T	41.570749521	2.256581602	137.0			
T	41.570753139	2.256591887	137.0			
T	41.570758537	2.256603087	137.0			
T	41.570762875	2.256615687	136.9			
T	41.570766645	2.256625285	136.9			
T	41.570768511	2.256633036	136.9			
T	41.570772624	2.256640426	136.9			
T	41.570775101	2.256649233	136.9			
T	41.570778078	2.256656701	136.8			
T	41.570781554	2.256665459	136.8			
T	41.570784348	2.256671752	136.8			
T	41.570787142	2.256679916	136.8			
T	41.570788635	2.256686144	136.8			
T	41.570791375	2.256698118	136.8			
T	41.570796556	2.256707457	136.8			
T	41.570804800	2.256726079	136.8			
T	41.570810954	2.256745569	136.8			
T	41.570817249	2.256765264	136.8			
T	41.570826706	2.256785142	136.9			
T	41.570834295	2.256804678	137.0			
T	41.570840988	2.256822592	137.0			
T	41.570848207	2.256841745	137.0			
T	41.570852190	2.256857107	137.0			
T	41.570858461	2.256875048	137.0			
T	41.570865667	2.256888337	137.0			
T	41.570872736	2.256908060	137.0			
T	41.570877472	2.256920625	137.0			
T	41.570880469	2.256931792	137.0			
T	41.570884238	2.256941630	137.0			
T	41.570886699	2.256950976	137.0			
T	41.570892240	2.256961785	137.0			
T	41.570898717	2.256975866	136.9			
T	41.570903857	2.256990904	136.9			
T	41.570918416	2.257026232	136.8			
T	41.570928831	2.257053730	136.7			
T	41.570937888	2.257073758	136.7			
T	41.570942606	2.257084825	136.7			
T	41.570948610	2.257103431	136.7			
T	41.570957601	2.257120513	136.7			
T	41.570962497	2.257137171	136.6			
T	41.570966968	2.257153060	136.6			
T	41.570971216	2.257167984	136.6			
T	41.570980560	2.257188664	136.6			
T	41.570988193	2.257206789	136.6			
T	41.570996407	2.257222580	136.6			
T	41.571002164	2.257239020	136.5			
T	41.571007230	2.257256848	136.5			
T	41.571015999	2.257275498	136.4			
T	41.571022315	2.257291213	136.4			
T	41.571028795	2.257311325	136.3			
T	41.571035122	2.257324331	136.3			
T	41.571041061	2.257341577	136.2			
T	41.571049718	2.257359405	136.2			
T	41.571056732	2.257375691	136.1			
T	41.571061504	2.257391488	136.1			
T	41.571069789	2.257410777	136.1			
T	41.571077276	2.257428504	136.0			
T	41.571082676	2.257444690	136.0			
T	41.571088627	2.257462256	136.0			
T	41.571096034	2.257478865	136.0			
T	41.571101034	2.257496709	135.9			
T	41.571109117	2.257514835	136.0			
T	41.571113760	2.257529193	136.0			
T	41.571119864	2.257548257	136.0			
T	41.571126560	2.257562993	136.0			
T	41.571134310	2.257581882	136.0			
T	41.571139648	2.257598573	136.0			
T	41.571146327	2.257616311	136.0			
T	41.571154656	2.257632012	136.0			
T	41.571162156	2.257653913	136.0			
T	41.571163951	2.257668530	136.0			
T	41.571176176	2.257690760	136.0			
T	41.571187084	2.257718916	136.0			
T	41.571193017	2.257735076	136.0			
T	41.571201605	2.257753119	136.0			
T	41.571207116	2.257767269	136.0			
T	41.571215223	2.257787678	136.0			
T	41.571222226	2.257805103	135.9			
T	41.571227168	2.257823614	135.9			
T	41.571232386	2.257838845	135.9			
T	41.571240705	2.257855099	135.9			
T	41.571245532	2.257871016	135.8			
T	41.571258328	2.257907601	135.8			
T	41.571265871	2.257932769	135.8			
T	41.571276267	2.257951275	135.7			
T	41.571283113	2.257970736	135.7			
T	41.571286223	2.257985376	135.7			
T	41.571292069	2.257998846	135.7			
T	41.571298383	2.258015722	135.7			
T	41.571302115	2.258030602	135.7			
T	41.571311579	2.258072068	135.7			
T	41.571332590	2.258120486	135.6			
T	41.571350329	2.258165018	135.6			
T	41.571369814	2.258208099	135.8			
T	41.571381468	2.258243000	135.9			
T	41.571396901	2.258280890	136.0			
T	41.571412634	2.258324758	135.9			
T	41.571419414	2.258346029	135.8			
T	41.571439690	2.258389712	135.7			
T	41.571457369	2.258431777	135.5			
T	41.571463537	2.258470895	135.4			
T	41.571486055	2.258515545	135.2			
T	41.571502135	2.258559523	135.1			
T	41.571520698	2.258604563	135.0			
T	41.571536737	2.258645836	135.0			
T	41.571550541	2.258687097	135.0			
T	41.571565199	2.258727392	135.0			
T	41.571580537	2.258764359	135.0			
T	41.571592745	2.258793950	135.0			
T	41.571605113	2.258831939	135.0			
T	41.571620616	2.258868004	135.0			
T	41.571634750	2.258902702	135.0			
T	41.571658321	2.258967346	135.0			
T	41.571680391	2.259028712	135.1			
T	41.571697051	2.259078291	135.2			
T	41.571718399	2.259128969	135.1			
T	41.571740082	2.259179850	135.0			
T	41.571757821	2.259231449	134.9			
T	41.571775450	2.259271620	134.9			
T	41.571788635	2.259307217	134.8			
T	41.571802838	2.259343975	134.7			
T	41.571819643	2.259388884	134.6			
T	41.571831712	2.259420853	134.5			
T	41.571847428	2.259456455	134.3			
T	41.571856399	2.259483580	134.3			
T	41.571864407	2.259502485	134.2			
T	41.571875149	2.259534732	134.2			
T	41.571884509	2.259560301	134.1			
T	41.571900663	2.259593407	134.1			
T	41.571908252	2.259624493	134.0			
T	41.571918507	2.259650738	134.0			
T	41.571928567	2.259675854	134.0			
T	41.571937494	2.259700782	134.0			
T	41.571950712	2.259729382	134.1			
T	41.571953830	2.259750090	134.2			
T	41.572005651	2.259879401	134.8			
T	41.572022815	2.259916370	134.9			
T	41.572034298	2.259950212	134.9			
T	41.572047428	2.259982964	134.8			
T	41.572060896	2.260018679	134.8			
T	41.572074917	2.260059483	134.6			
T	41.572085783	2.260086680	134.5			
T	41.572097698	2.260118918	134.4			
T	41.572114861	2.260167965	134.1			
T	41.572132339	2.260210699	133.8			
T	41.572147420	2.260252465	133.5			
T	41.572168941	2.260299992	133.1			
T	41.572182439	2.260344863	133.0			
T	41.572202753	2.260394700	132.9			
T	41.572222249	2.260443185	133.0			
T	41.572243489	2.260496444	133.2			
T	41.572256114	2.260544706	133.3			
T	41.572273163	2.260577730	133.3			
T	41.572288466	2.260612987	133.3			
T	41.572304344	2.260652915	133.3			
T	41.572319340	2.260690998	133.2			
T	41.572334437	2.260730016	133.0			
T	41.572345888	2.260766911	132.9			
T	41.572362717	2.260803275	132.7			
T	41.572385327	2.260864138	132.3			
T	41.572403079	2.260901727	132.2			
T	41.572416368	2.260943258	132.1			
T	41.572433262	2.260980036	132.0			
T	41.572451081	2.261022293	131.9			
T	41.572467264	2.261058043	131.9			
T	41.572484222	2.261100858	131.9			
T	41.572500960	2.261141484	132.0			
T	41.572512144	2.261172140	132.0			
T	41.572528182	2.261208380	132.1			
T	41.572543307	2.261237419	132.1			
T	41.572569895	2.261301752	132.1			
T	41.572581320	2.261333707	132.1			
T	41.572594010	2.261361458	132.0			
T	41.572608144	2.261391098	132.0			
T	41.572617900	2.261420170	132.0			
T	41.572624012	2.261444612	131.9			
T	41.572631056	2.261466011	131.9			
T	41.572642202	2.261488615	131.8			
T	41.572651645	2.261512049	131.8			
T	41.572663942	2.261536387	131.7			
T	41.572673188	2.261558895	131.6			
T	41.572680952	2.261580006	131.6			
T	41.572688110	2.261594624	131.5			
T	41.572692779	2.261607990	131.5			
T	41.572697758	2.261620726	131.4			
T	41.572704438	2.261633384	131.4			
T	41.572711157	2.261652393	131.3			
T	41.572717582	2.261666849	131.2			
T	41.572722660	2.261680636	131.2			
T	41.572728357	2.261692831	131.2			
T	41.572733298	2.261703789	131.1			
T	41.572740412	2.261719463	131.1			
T	41.572747138	2.261735611	131.2			
T	41.572752956	2.261748368	131.2			
T	41.572762107	2.261764150	131.3			
T	41.572769064	2.261778962	131.3			
T	41.572776152	2.261790834	131.4			
T	41.572782643	2.261800572	131.5			
T	41.572787470	2.261807191	131.5			
T	41.572790939	2.261812899	131.5			
T	41.572795015	2.261820598	131.5			
T	41.572801717	2.261826154	131.6			
T	41.572806062	2.261833226	131.6			
T	41.572812987	2.261839292	131.6			
T	41.572817046	2.261844500	131.6			
T	41.572822781	2.261851403	131.6			
T	41.572830558	2.261858531	131.6			
T	41.572836634	2.261863076	131.6			
T	41.572843315	2.261867609	131.6			
T	41.572850807	2.261871845	131.6			
T	41.572856675	2.261875995	131.6			
T	41.572863443	2.261879862	131.6			
T	41.572870428	2.261883337	131.6			
T	41.572876451	2.261886585	131.6			
T	41.572884459	2.261890001	131.6			
T	41.572891965	2.261892991	131.6			
T	41.572897490	2.261894528	131.5			
T	41.572905446	2.261898052	131.5			
T	41.572914233	2.261899968	131.5			
T	41.572920948	2.261902326	131.5			
T	41.572927321	2.261902155	131.5			
T	41.572935108	2.261903888	131.5			
T	41.572941075	2.261903505	131.4			
T	41.572949757	2.261904696	131.4			
T	41.572956081	2.261903506	131.4			
T	41.572965615	2.261903923	131.4			
T	41.572977327	2.261902180	131.3			
T	41.572985760	2.261900960	131.3			
T	41.572993730	2.261899733	131.3			
T	41.573002190	2.261897673	131.3			
T	41.573009032	2.261895484	131.3			
T	41.573014970	2.261893620	131.3			
T	41.573023367	2.261892178	131.3			
T	41.573029584	2.261887359	131.3			
T	41.573037853	2.261883632	131.3			
T	41.573042315	2.261879718	131.3			
T	41.573049986	2.261876184	131.3			
T	41.573056300	2.261871646	131.3			
T	41.573062980	2.261866461	131.3			
T	41.573068144	2.261862593	131.3			
T	41.573074314	2.261857049	131.3			
T	41.573081680	2.261852902	131.3			
T	41.573088423	2.261846534	131.3			
T	41.573092548	2.261840977	131.3			
T	41.573098394	2.261834716	131.3			
T	41.573104610	2.261827694	131.3			
T	41.573109415	2.261820982	131.4			
T	41.573113568	2.261816560	131.4			
T	41.573120137	2.261807554	131.4			
T	41.573125670	2.261800047	131.4			
T	41.573130760	2.261792304	131.4			
T	41.573135788	2.261785605	131.4			
T	41.573140954	2.261776481	131.4			
T	41.573152334	2.261765054	131.4			
T	41.573163655	2.261745712	131.4			
T	41.573176976	2.261727732	131.4			
T	41.573186471	2.261705043	131.5			
T	41.573196167	2.261683956	131.5			
T	41.573206767	2.261662779	131.5			
T	41.573218071	2.261635878	131.5			
T	41.573230453	2.261612970	131.6			
T	41.573238910	2.261592166	131.6			
T	41.573239764	2.261588710	131.6			
T	41.573245035	2.261567412	131.7			
T	41.573245463	2.261565686	131.7			
T	41.573252773	2.261537048	131.8			
T	41.573261637	2.261513862	131.8			
T	41.573270886	2.261487917	131.9			
T	41.573275828	2.261471342	131.9			
T	41.573279451	2.261444130	132.0			
T	41.573288875	2.261413511	132.1			
T	41.573293545	2.261392919	132.1			
T	41.573299220	2.261369694	132.2			
T	41.573299699	2.261342833	132.3			
T	41.573306647	2.261315782	132.3			
T	41.573312687	2.261296417	132.4			
T	41.573316774	2.261273113	132.5			
T	41.573319395	2.261245666	132.5			
T	41.573322088	2.261215558	132.6			
T	41.573326720	2.261190928	132.7			
T	41.573329054	2.261165067	132.8			
T	41.573327729	2.261126351	132.9			
T	41.573325018	2.261095726	133.0			
T	41.573329357	2.261063576	133.0			
T	41.573330059	2.261032225	133.0			
T	41.573329361	2.261005147	133.0			
T	41.573326469	2.260974465	133.0			
T	41.573327978	2.260952042	133.0			
T	41.573321035	2.260933390	133.0			
T	41.573318891	2.260911290	133.0			
T	41.573319059	2.260896397	133.0			
T	41.573319250	2.260883381	133.0			
T	41.573316466	2.260874812	133.1			
T	41.573313323	2.260854065	133.1			
T	41.573308536	2.260826633	133.1			
T	41.573304859	2.260801493	133.2			
T	41.573302862	2.260788518	133.3			
T	41.573299186	2.260771012	133.3			
T	41.573299054	2.260769525	133.4			
T	41.573296011	2.260755320	133.4			
T	41.573291475	2.260725240	133.5			
T	41.573283596	2.260702237	133.7			
T	41.573275363	2.260672946	133.8			
T	41.573263209	2.260645756	133.9			
T	41.573251658	2.260613492	134.1			
T	41.573243119	2.260584328	134.2			
T	41.573228845	2.260559133	134.4			
T	41.573214566	2.260522410	134.5			
T	41.573201730	2.260492859	134.7			
T	41.573188297	2.260460375	134.9			
T	41.573171469	2.260426809	135.0			
T	41.573154069	2.260391512	135.2			
T	41.573123265	2.260340290	135.5			
T	41.573119182	2.260334262	135.6			
T	41.573092634	2.260283603	135.8			
T	41.573062403	2.260232768	136.0			
T	41.573050233	2.260215001	136.0			
T	41.573041772	2.260201596	136.1			
T	41.573032963	2.260185766	136.1			
T	41.573021377	2.260167364	136.1			
T	41.573011939	2.260149080	136.2			
T	41.572998617	2.260133063	136.2			
T	41.572985280	2.260112352	136.3			
T	41.572972266	2.260088173	136.3			
T	41.572954326	2.260060402	136.4			
T	41.572939403	2.260036652	136.4			
T	41.572923925	2.260010288	136.5			
T	41.572911724	2.259986203	136.6			
T	41.572901969	2.259959345	136.7			
T	41.572886893	2.259930667	136.9			
T	41.572872320	2.259897824	137.0			
T	41.572859039	2.259861048	137.2			
T	41.572849726	2.259836508	137.3			
T	41.572847953	2.259809662	137.4			
T	41.572838595	2.259779265	137.6			
T	41.572837842	2.259754968	137.7			
T	41.572834707	2.259729803	137.8			
T	41.572826455	2.259701348	137.9			
T	41.572822096	2.259671328	138.0			
T	41.572816599	2.259634831	138.2			
T	41.572816992	2.259617794	138.2			
T	41.572815936	2.259601055	138.3			
T	41.572817429	2.259579653	138.4			
T	41.572820476	2.259556322	138.4			
T	41.572819388	2.259534562	138.5			
T	41.572819040	2.259512794	138.6			
T	41.572819668	2.259487346	138.7			
T	41.572820503	2.259463248	138.8			
T	41.572822990	2.259442689	138.8			
T	41.572825641	2.259425996	138.9			
T	41.572827223	2.259408787	139.0			
T	41.572833125	2.259388837	139.0			
T	41.572837903	2.259374676	139.1			
T	41.572843039	2.259348944	139.2			
T	41.572847701	2.259324511	139.3			
T	41.572853002	2.259308455	139.4			
T	41.572856937	2.259292370	139.4			
T	41.572860899	2.259275491	139.5			
T	41.572870537	2.259258278	139.6			
T	41.572872491	2.259238696	139.7			
T	41.572878481	2.259220234	139.7			
T	41.572885577	2.259203433	139.8			
T	41.572892878	2.259186152	139.9			
T	41.572902368	2.259165083	140.0			
T	41.572913795	2.259149892	140.1			
T	41.572924300	2.259128768	140.1			
T	41.572932933	2.259111281	140.2			
T	41.572942895	2.259094394	140.3			
T	41.572951303	2.259076420	140.3			
T	41.572964207	2.259058460	140.4			
T	41.572973130	2.259042580	140.4			
T	41.572983057	2.259026487	140.5			
T	41.572992889	2.259010709	140.6			
T	41.573005336	2.258999167	140.6			
T	41.573016760	2.258984684	140.7			
T	41.573025158	2.258975150	140.7			
T	41.573033241	2.258968717	140.7			
T	41.573040046	2.258959741	140.7			
T	41.573046076	2.258953391	140.8			
T	41.573053538	2.258945970	140.8			
T	41.573062213	2.258940195	140.8			
T	41.573071824	2.258931564	140.8			
T	41.573080133	2.258925310	140.9			
T	41.573087175	2.258917384	140.9			
T	41.573094879	2.258908740	140.9			
T	41.573102581	2.258901675	141.0			
T	41.573111156	2.258897101	141.0			
T	41.573120212	2.258891833	141.0			
T	41.573129221	2.258886477	141.0			
T	41.573129756	2.258886395	141.0			
T	41.573140920	2.258879963	141.0			
T	41.573150319	2.258874057	141.1			
T	41.573157735	2.258869994	141.1			
T	41.573164142	2.258865446	141.1			
T	41.573171105	2.258861123	141.1			
T	41.573180122	2.258856395	141.1			
T	41.573190090	2.258850920	141.1			
T	41.573200079	2.258847163	141.2			
T	41.573210529	2.258842148	141.2			
T	41.573221772	2.258836306	141.2			
T	41.573232700	2.258830937	141.2			
T	41.573247437	2.258829739	141.2			
T	41.573258176	2.258827086	141.2			
T	41.573258626	2.258826553	141.2			
T	41.573268705	2.258821910	141.2			
T	41.573282616	2.258816473	141.3			
T	41.573296854	2.258813789	141.3			
T	41.573309634	2.258812863	141.3			
T	41.573322157	2.258809085	141.3			
T	41.573333096	2.258809154	141.3			
T	41.573347225	2.258806601	141.3			
T	41.573358384	2.258806290	141.4			
T	41.573368901	2.258805996	141.4			
T	41.573380132	2.258804982	141.4			
T	41.573390917	2.258803898	141.4			
T	41.573402411	2.258805787	141.5			
T	41.573413031	2.258804999	141.5			
T	41.573424311	2.258806010	141.5			
T	41.573432205	2.258805836	141.5			
T	41.573441508	2.258808343	141.6			
T	41.573450658	2.258808792	141.6			
T	41.573456902	2.258810764	141.6			
T	41.573469671	2.258813233	141.6			
T	41.573482016	2.258815146	141.7			
T	41.573490670	2.258816601	141.7			
T	41.573500620	2.258819456	141.7			
T	41.573511052	2.258822278	141.7			
T	41.573522321	2.258825584	141.8			
T	41.573534663	2.258828857	141.8			
T	41.573544572	2.258832684	141.8			
T	41.573555452	2.258837966	141.8			
T	41.573567273	2.258844632	141.9			
T	41.573576189	2.258847770	141.9			
T	41.573586474	2.258851917	141.9			
T	41.573599861	2.258859952	142.0			
T	41.573615462	2.258869027	142.0			
T	41.573629559	2.258875462	142.1			
T	41.573640089	2.258882638	142.1			
T	41.573649962	2.258888531	142.1			
T	41.573663917	2.258896448	142.2			
T	41.573675042	2.258905179	142.2			
T	41.573689126	2.258914438	142.2			
T	41.573696608	2.258923287	142.2			
T	41.573705142	2.258931891	142.2			
T	41.573714982	2.258941079	142.2			
T	41.573723225	2.258948334	142.2			
T	41.573731077	2.258958812	142.2			
T	41.573738290	2.258964580	142.2			
T	41.573746849	2.258971272	142.2			
T	41.573752005	2.258979758	142.2			
T	41.573764017	2.258990658	142.2			
T	41.573767845	2.258994423	142.2			
T	41.573773230	2.259000340	142.2			
T	41.573775553	2.259005321	142.2			
T	41.573781372	2.259012308	142.2			
T	41.573787529	2.259021678	142.2			
T	41.573791853	2.259027685	142.2			
T	41.573798005	2.259036366	142.1			
T	41.573802053	2.259043608	142.1			
T	41.573809183	2.259051403	142.1			
T	41.573811684	2.259058322	142.1			
T	41.573818242	2.259065545	142.1			
T	41.573824328	2.259079165	142.1			
T	41.573833037	2.259093489	142.1			
T	41.573845534	2.259109453	142.1			
T	41.573853555	2.259124788	142.0			
T	41.573863740	2.259140127	142.0			
T	41.573873144	2.259154491	142.0			
T	41.573881420	2.259167860	142.0			
T	41.573889922	2.259184454	142.0			
T	41.573900276	2.259197448	142.0			
T	41.573908931	2.259211817	142.1			
T	41.573918445	2.259228675	142.1			
T	41.573926331	2.259241554	142.1			
T	41.573935292	2.259256569	142.1			
T	41.573945320	2.259271545	142.1			
T	41.573954757	2.259286450	142.1			
T	41.573964791	2.259303848	142.1			
T	41.573973511	2.259319229	142.1			
T	41.573982072	2.259331074	142.1			
T	41.573990836	2.259345195	142.1			
T	41.573999712	2.259362614	142.1			
T	41.574009787	2.259376219	142.1			
T	41.574019206	2.259391107	142.1			
T	41.574027971	2.259407173	142.1			
T	41.574037686	2.259420447	142.0			
T	41.574047846	2.259436642	142.0			
T	41.574055705	2.259450141	142.0			
T	41.574065850	2.259465972	142.0			
T	41.574073926	2.259479634	142.0			
T	41.574083785	2.259494929	141.9			
T	41.574092881	2.259510425	141.9			
T	41.574100509	2.259526028	141.9			
T	41.574109489	2.259539456	141.9			
T	41.574119862	2.259556179	141.9			
T	41.574128293	2.259571532	141.9			
T	41.574138062	2.259585817	141.9			
T	41.574147400	2.259599483	142.0			
T	41.574156222	2.259615573	142.0			
T	41.574165612	2.259628613	142.0			
T	41.574176036	2.259646123	142.1			
T	41.574183437	2.259659864	142.1			
T	41.574192772	2.259672142	142.1			
T	41.574203545	2.259690510	142.2			
T	41.574210872	2.259705369	142.2			
T	41.574219680	2.259717654	142.2			
T	41.574231191	2.259734495	142.2			
T	41.574238996	2.259747960	142.1			
T	41.574250557	2.259764340	142.1			
T	41.574257179	2.259778539	142.1			
T	41.574267691	2.259794273	142.0			
T	41.574275200	2.259807967	142.0			
T	41.574284894	2.259822649	141.9			
T	41.574292606	2.259837069	141.9			
T	41.574303699	2.259852530	141.8			
T	41.574312645	2.259868920	141.7			
T	41.574322385	2.259883320	141.7			
T	41.574330084	2.259894841	141.6			
T	41.574339429	2.259909829	141.5			
T	41.574348516	2.259923318	141.5			
T	41.574358513	2.259940580	141.4			
T	41.574367603	2.259955807	141.3			
T	41.574375891	2.259968881	141.2			
T	41.574385523	2.259982780	141.1			
T	41.574395570	2.260001122	141.0			
T	41.574403360	2.260013237	141.0			
T	41.574413234	2.260029048	140.9			
T	41.574420638	2.260042617	140.8			
T	41.574430788	2.260059774	140.8			
T	41.574442323	2.260073968	140.7			
T	41.574450271	2.260086603	140.8			
T	41.574458341	2.260102678	140.8			
T	41.574468433	2.260118024	140.9			
T	41.574477851	2.260132140	140.9			
T	41.574488351	2.260147173	140.9			
T	41.574495420	2.260162031	140.9			
T	41.574505151	2.260178146	140.9			
T	41.574512825	2.260192670	140.9			
T	41.574524461	2.260213470	140.8			
T	41.574531348	2.260228423	140.7			
T	41.574542821	2.260246340	140.6			
T	41.574553229	2.260263051	140.5			
T	41.574560847	2.260279525	140.4			
T	41.574569784	2.260291015	140.4			
T	41.574576449	2.260306888	140.3			
T	41.574583720	2.260317694	140.3			
T	41.574596168	2.260333738	140.2			
T	41.574600857	2.260345039	140.2			
T	41.574608297	2.260354436	140.2			
T	41.574614189	2.260366609	140.1			
T	41.574620289	2.260376701	140.1			
T	41.574628212	2.260388360	140.0			
T	41.574632375	2.260396572	140.0			
T	41.574641134	2.260406695	139.9			
T	41.574645962	2.260417092	139.9			
T	41.574649616	2.260424436	139.8			
T	41.574657100	2.260437048	139.8			
T	41.574656707	2.260438373	139.7			
T	41.574665150	2.260454152	139.7			
T	41.574670946	2.260471704	139.5			
T	41.574680602	2.260482545	139.5			
T	41.574690507	2.260503756	139.4			
T	41.574696406	2.260515357	139.3			
T	41.574701098	2.260526160	139.2			
T	41.574704256	2.260536799	139.1			
T	41.574709644	2.260548342	139.1			
T	41.574715537	2.260561329	139.0			
T	41.574720754	2.260573093	138.9			
T	41.574727383	2.260595099	138.9			
T	41.574733919	2.260612172	139.0			
T	41.574740203	2.260628195	139.0			
T	41.574740104	2.260628529	139.0			
T	41.574748779	2.260651342	139.0			
T	41.574752259	2.260676399	138.9			
T	41.574756366	2.260693718	138.8			
T	41.574762231	2.260713180	138.7			
T	41.574766135	2.260729062	138.7			
T	41.574774112	2.260747847	138.6			
T	41.574775531	2.260762534	138.5			
T	41.574780751	2.260778865	138.4			
T	41.574784957	2.260796261	138.3			
T	41.574785315	2.260812785	138.2			
T	41.574788301	2.260829551	138.0			
T	41.574791553	2.260854910	137.9			
T	41.574794468	2.260880886	137.9			
T	41.574801682	2.260908837	137.8			
T	41.574805958	2.260942671	137.7			
T	41.574806923	2.260970297	137.7			
T	41.574807410	2.261002377	137.6			
T	41.574810806	2.261037378	137.5			
T	41.574812261	2.261063708	137.4			
T	41.574808154	2.261088204	137.4			
T	41.574806819	2.261116858	137.3			
T	41.574806024	2.261142402	137.2			
T	41.574805961	2.261169666	137.1			
T	41.574805293	2.261202155	137.0			
T	41.574803418	2.261230938	136.9			
T	41.574795730	2.261260979	136.7			
T	41.574789080	2.261282342	136.6			
T	41.574785222	2.261314809	136.5			
T	41.574778728	2.261339711	136.4			
T	41.574774775	2.261369114	136.3			
T	41.574764884	2.261388863	136.2			
T	41.574764577	2.261414535	136.1			
T	41.574757013	2.261437913	135.9			
T	41.574750375	2.261458611	135.8			
T	41.574747509	2.261472202	135.8			
T	41.574742285	2.261492646	135.7			
T	41.574738038	2.261508205	135.6			
T	41.574732516	2.261523697	135.6			
T	41.574726993	2.261542073	135.5			
T	41.574720602	2.261557282	135.4			
T	41.574715876	2.261574827	135.3			
T	41.574707895	2.261587387	135.2			
T	41.574703928	2.261604187	135.1			
T	41.574698804	2.261617006	135.0			
T	41.574687481	2.261636224	134.9			
T	41.574681545	2.261650387	134.8			
T	41.574671136	2.261668494	134.6			
T	41.574665723	2.261687351	134.5			
T	41.574653161	2.261696884	134.4			
T	41.574637244	2.261721344	134.3			
T	41.574630981	2.261750176	134.1			
T	41.574615442	2.261766905	134.0			
T	41.574605829	2.261792303	133.9			
T	41.574595021	2.261818939	133.8			
T	41.574582898	2.261838992	133.7			
T	41.574577379	2.261849053	133.6			
T	41.574571987	2.261865265	133.6			
T	41.574567865	2.261883478	133.5			
T	41.574556119	2.261901714	133.5			
T	41.574547313	2.261916085	133.4			
T	41.574538239	2.261950584	133.3			
T	41.574525413	2.261973192	133.2			
T	41.574516285	2.261995174	133.1			
T	41.574506038	2.262014787	133.0			
T	41.574490994	2.262036350	132.8			
T	41.574481529	2.262061992	132.7			
T	41.574473705	2.262075444	132.6			
T	41.574467663	2.262092476	132.6			
T	41.574456782	2.262108662	132.5			
T	41.574451453	2.262124304	132.4			
T	41.574443065	2.262145922	132.3			
T	41.574435428	2.262160706	132.2			
T	41.574427411	2.262169367	132.1			
T	41.574419378	2.262190887	132.0			
T	41.574413425	2.262202133	132.0			
T	41.574403445	2.262222998	131.8			
T	41.574399993	2.262239434	131.8			
T	41.574391797	2.262250533	131.7			
T	41.574382189	2.262267805	131.6			
T	41.574368677	2.262284686	131.5			
T	41.574361227	2.262300438	131.4			
T	41.574352159	2.262314976	131.3			
T	41.574343256	2.262331225	131.2			
T	41.574336552	2.262350685	131.1			
T	41.574329328	2.262362677	131.1			
T	41.574313022	2.262394018	130.9			
T	41.574302560	2.262423891	130.8			
T	41.574290963	2.262457812	130.6			
T	41.574279354	2.262482778	130.5			
T	41.574267871	2.262503486	130.4			
T	41.574253450	2.262525959	130.3			
T	41.574241701	2.262547050	130.2			
T	41.574230305	2.262574262	130.1			
T	41.574220572	2.262593155	130.0			
T	41.574210896	2.262611072	129.9			
T	41.574205851	2.262627958	129.8			
T	41.574200092	2.262641946	129.7			
T	41.574190255	2.262663232	129.6			
T	41.574180535	2.262683615	129.5			
T	41.574169062	2.262706243	129.3			
T	41.574158046	2.262725562	129.2			
T	41.574150674	2.262744567	129.1			
T	41.574144124	2.262760737	129.0			
T	41.574136375	2.262779979	128.9			
T	41.574121997	2.262803558	128.8			
T	41.574110900	2.262823266	128.8			
T	41.574100155	2.262840715	128.7			
T	41.574089925	2.262865238	128.6			
T	41.574078318	2.262895143	128.5			
T	41.574064698	2.262922212	128.4			
T	41.574053022	2.262942129	128.3			
T	41.574047540	2.262961962	128.3			
T	41.574042350	2.262977749	128.2			
T	41.574030481	2.262997571	128.1			
T	41.574023669	2.263014533	128.0			
T	41.574016428	2.263030596	128.0			
T	41.574004491	2.263043294	127.9			
T	41.574000474	2.263064448	127.8			
T	41.573996110	2.263080709	127.8			
T	41.573985826	2.263091673	127.7			
T	41.573976192	2.263109944	127.7			
T	41.573972742	2.263124053	127.7			
T	41.573963326	2.263146231	127.6			
T	41.573947300	2.263163679	127.5			
T	41.573930892	2.263186122	127.4			
T	41.573918051	2.263209585	127.3			
T	41.573909315	2.263235760	127.2			
T	41.573897029	2.263256220	127.1			
T	41.573887265	2.263277764	127.0			
T	41.573873865	2.263301365	126.9			
T	41.573860676	2.263324970	126.8			
T	41.573845492	2.263351449	126.7			
T	41.573830279	2.263373237	126.6			
T	41.573821647	2.263391663	126.6			
T	41.573807287	2.263406496	126.5			
T	41.573795149	2.263424043	126.4			
T	41.573778397	2.263450755	126.4			
T	41.573762642	2.263469782	126.3			
T	41.573747304	2.263482398	126.3			
T	41.573728940	2.263497225	126.2			
T	41.573706141	2.263521225	126.1			
T	41.573685946	2.263549771	126.1			
T	41.573666014	2.263565990	126.1			
T	41.573646971	2.263584404	126.0			
T	41.573628545	2.263596703	126.0			
T	41.573605111	2.263612341	126.0			
T	41.573586520	2.263629876	125.9			
T	41.573573333	2.263643184	125.9			
T	41.573552231	2.263652292	125.8			
T	41.573536403	2.263665424	125.7			
T	41.573516524	2.263669703	125.7			
T	41.573502335	2.263673859	125.6			
T	41.573488051	2.263682185	125.6			
T	41.573471895	2.263691262	125.5			
T	41.573458320	2.263696588	125.5			
T	41.573441672	2.263699409	125.4			
T	41.573427616	2.263711582	125.3			
T	41.573410596	2.263715136	125.3			
T	41.573395088	2.263721218	125.2			
T	41.573380772	2.263723496	125.2			
T	41.573367749	2.263729533	125.1			
T	41.573351169	2.263733154	125.1			
T	41.573339813	2.263738661	125.0			
T	41.573327239	2.263746116	125.0			
T	41.573312570	2.263744847	124.9			
T	41.573298378	2.263746835	124.9			
T	41.573285655	2.263747272	124.8			
T	41.573270132	2.263750851	124.8			
T	41.573255605	2.263750751	124.7			
T	41.573238131	2.263751658	124.7			
T	41.573219106	2.263754584	124.6			
T	41.573200661	2.263755464	124.5			
T	41.573178334	2.263752410	124.4			
T	41.573161158	2.263751511	124.4			
T	41.573143070	2.263747894	124.3			
T	41.573123894	2.263755866	124.2			
T	41.573097756	2.263740865	124.2			
T	41.573070400	2.263738023	124.1			
T	41.573050400	2.263737252	124.0			
T	41.573026092	2.263732519	124.0			
T	41.573008214	2.263729545	124.0			
T	41.573000810	2.263728932	124.0			
T	41.572988467	2.263725997	124.0			
T	41.572973201	2.263722241	124.0			
T	41.572961220	2.263716249	124.0			
T	41.572945177	2.263710040	124.0			
T	41.572931580	2.263701202	124.0			
T	41.572918003	2.263705743	124.0			
T	41.572902800	2.263694333	124.0			
T	41.572892205	2.263687925	124.0			
T	41.572883120	2.263683200	124.0			
T	41.572868228	2.263678437	124.0			
T	41.572856937	2.263671234	124.0			
T	41.572835386	2.263664756	124.0			
T	41.572814619	2.263649240	124.0			
T	41.572794574	2.263635413	124.0			
T	41.572770673	2.263618971	124.0			
T	41.572732775	2.263586188	123.8			
T	41.572731341	2.263585807	123.8			
T	41.572709366	2.263572090	123.6			
T	41.572682294	2.263548415	123.5			
T	41.572657093	2.263532090	123.4			
T	41.572636798	2.263510990	123.3			
T	41.572616033	2.263495297	123.2			
T	41.572595272	2.263477970	123.2			
T	41.572577131	2.263462706	123.1			
T	41.572556763	2.263447625	123.1			
T	41.572535586	2.263429827	123.0			
T	41.572507910	2.263400730	123.0			
T	41.572485387	2.263381246	123.0			
T	41.572464773	2.263365193	123.0			
T	41.572449371	2.263354475	123.0			
T	41.572428821	2.263336800	123.0			
T	41.572412153	2.263322429	123.0			
T	41.572389516	2.263306594	122.9			
T	41.572366487	2.263283202	122.8			
T	41.572345245	2.263268010	122.8			
T	41.572325714	2.263251674	122.7			
T	41.572301669	2.263229839	122.6			
T	41.572287301	2.263219086	122.6			
T	41.572273491	2.263207682	122.5			
T	41.572260180	2.263196784	122.5			
T	41.572246913	2.263186863	122.5			
T	41.572229072	2.263169727	122.4			
T	41.572205729	2.263151204	122.3			
T	41.572178353	2.263128918	122.2			
T	41.572155861	2.263110889	122.2			
T	41.572126052	2.263086170	122.1			
T	41.572103641	2.263066037	122.0			
T	41.572082439	2.263044930	122.0			
T	41.572056559	2.263023652	122.0			
T	41.572033200	2.263005424	122.0			
T	41.572005226	2.262981116	122.0			
T	41.571979710	2.262962144	122.0			
T	41.571955749	2.262938735	122.0			
T	41.571927768	2.262918109	122.0			
T	41.571907870	2.262900325	122.0			
T	41.571881528	2.262875384	122.0			
T	41.571850372	2.262849720	122.0			
T	41.571825314	2.262829407	122.0			
T	41.571801796	2.262809603	122.0			
T	41.571776292	2.262790384	122.0			
T	41.571751512	2.262767576	122.0			
T	41.571722436	2.262742392	121.9			
T	41.571688188	2.262712426	121.8			
T	41.571652053	2.262680809	121.7			
T	41.571619670	2.262650072	121.5			
T	41.571583999	2.262618122	121.4			
T	41.571543008	2.262585352	121.3			
T	41.571499371	2.262547679	121.2			
T	41.571461422	2.262518125	121.1			
T	41.571414635	2.262473157	121.0			
T	41.571356276	2.262425220	121.1			
T	41.571291259	2.262372524	121.2			
T	41.571230933	2.262324569	121.2			
T	41.571187317	2.262286567	121.2			
T	41.571140737	2.262246568	121.1			
T	41.571091268	2.262207648	120.9			
T	41.571033467	2.262159091	120.8			
T	41.570986530	2.262115859	120.6			
T	41.570931027	2.262074173	120.5			
T	41.570882483	2.262028920	120.3			
T	41.570839411	2.261994988	120.2			
T	41.570778561	2.261946793	120.2			
T	41.570720587	2.261896928	120.3			
T	41.570648117	2.261829043	120.4			
T	41.570587823	2.261780933	120.4			
T	41.570523662	2.261728234	120.3			
T	41.570444826	2.261660090	120.4			
T	41.570371450	2.261601437	120.5			
T	41.570266040	2.261507175	120.4			
T	41.570126937	2.261396214	120.5			
T	41.570052414	2.261328490	120.6			
T	41.570004947	2.261289994	120.6			
T	41.569945700	2.261239782	120.5			
T	41.569901682	2.261203482	120.5			
T	41.569846860	2.261159224	120.5			
T	41.569792174	2.261115376	120.7			
T	41.569753882	2.261079582	120.8			
