type	latitude	longitude	altitude (m)	name	desc	kml_folder
T	41.569830497	2.260966291	120.3	Right Boundary		Right Boundary.kml
T	41.569790897	2.260929481	120.3			
T	41.569679695	2.260841631	120.2			
T	41.569619529	2.260789248	120.3			
T	41.569536865	2.260720356	120.4			
T	41.569435974	2.260634972	120.3			
T	41.569348387	2.260560065	120.0			
T	41.569202387	2.260439733	120.0			
T	41.569113139	2.260361269	120.1			
T	41.569005710	2.260269936	120.0			
T	41.568886128	2.260168729	120.0			
T	41.568733215	2.260044546	120.1			
T	41.568567689	2.259905492	120.0			
T	41.568372363	2.259738682	120.0			
T	41.568195741	2.259595066	119.8			
T	41.568005485	2.259436040	119.0			
T	41.567788213	2.259251303	119.0			
T	41.567618685	2.259099074	119.1			
T	41.567463656	2.258966944	118.3			
T	41.567229375	2.258764854	117.6			
T	41.567103864	2.258660295	117.1			
T	41.566996935	2.258571053	116.9			
T	41.566875135	2.258480527	116.4			
T	41.566775810	2.258390715	116.1			
T	41.566681064	2.258308363	115.7			
T	41.566580171	2.258233768	114.9			
T	41.566452174	2.258121172	114.7			
T	41.566377931	2.258060931	115.0			
T	41.566309857	2.258001827	114.9			
T	41.566250704	2.257951830	114.8			
T	41.566190136	2.257906554	114.6			
T	41.566105355	2.257829668	114.2			
T	41.566023838	2.257762667	114.0			
T	41.565940688	2.257693797	114.0			
T	41.565842057	2.257611428	114.0			
T	41.565741529	2.257525016	114.0			
T	41.565649383	2.257451200	113.9			
T	41.565542703	2.257365679	113.5			
T	41.565458559	2.257283871	113.1			
T	41.565354374	2.257192107	113.0			
T	41.565278908	2.257141342	113.0			
T	41.565204059	2.257072786	113.0			
T	41.565154661	2.257029664	113.0			
T	41.565110482	2.256994169	113.0			
T	41.565071761	2.256958227	113.0			
T	41.565035478	2.256935568	113.0			
T	41.564992241	2.256897244	112.8			
T	41.564953921	2.256865386	112.7			
T	41.564924290	2.256841545	112.6			
T	41.564888847	2.256809931	112.5			
T	41.564859230	2.256780822	112.4			
T	41.564826671	2.256756104	112.3			
T	41.564796028	2.256731062	112.2			
T	41.564772778	2.256702661	112.1			
T	41.564745866	2.256663777	112.0			
T	41.564721976	2.256620897	112.0			
T	41.564710572	2.256585314	112.0			
T	41.564698850	2.256541103	112.1			
T	41.564686857	2.256487817	112.1			
T	41.564677911	2.256437968	112.2			
T	41.564673357	2.256391070	112.2			
T	41.564682080	2.256349508	112.3			
T	41.564687783	2.256319362	112.3			
T	41.564697860	2.256284847	112.4			
T	41.564714022	2.256249955	112.5			
T	41.564724284	2.256217747	112.6			
T	41.564739828	2.256189017	112.7			
T	41.564754713	2.256155471	112.8			
T	41.564768409	2.256105506	113.0			
T	41.564786577	2.256064183	113.0			
T	41.564807790	2.256019221	113.0			
T	41.564834191	2.255980007	113.0			
T	41.564861602	2.255924027	113.0			
T	41.564878748	2.255872549	113.0			
T	41.564902558	2.255814426	113.1			
T	41.564919134	2.255750887	113.3			
T	41.564932330	2.255686546	113.5			
T	41.564942290	2.255606958	113.8			
T	41.564947098	2.255562875	114.0			
T	41.564952471	2.255504186	114.2			
T	41.564946179	2.255458763	114.3			
T	41.564945764	2.255402976	114.5			
T	41.564947207	2.255345748	114.8			
T	41.564947358	2.255307331	114.9			
T	41.564925263	2.255242816	115.1			
T	41.564904394	2.255189149	115.3			
T	41.564889443	2.255132902	115.5			
T	41.564866070	2.255066367	115.8			
T	41.564840872	2.255002326	116.0			
T	41.564809998	2.254971611	116.2			
T	41.564776953	2.254900121	116.6			
T	41.564753409	2.254859740	116.7			
T	41.564721901	2.254799911	116.7			
T	41.564688498	2.254738129	117.0			
T	41.564654849	2.254684688	117.1			
T	41.564629404	2.254617442	117.4			
T	41.564596541	2.254567661	117.6			
T	41.564567013	2.254518790	117.7			
T	41.564537686	2.254467575	117.9			
T	41.564497831	2.254399399	118.3			
T	41.564461846	2.254338335	118.5			
T	41.564420485	2.254246444	118.8			
T	41.564384670	2.254187228	119.2			
T	41.564364834	2.254131689	119.4			
T	41.564337989	2.254073589	119.7			
T	41.564310458	2.254004507	120.1			
T	41.564298626	2.253935206	120.4			
T	41.564271710	2.253844769	120.8			
T	41.564262004	2.253762178	121.1			
T	41.564258251	2.253681222	121.4			
T	41.564243359	2.253587100	121.7			
T	41.564243446	2.253495701	122.3			
T	41.564259395	2.253426296	122.8			
T	41.564264645	2.253361235	123.2			
T	41.564269173	2.253294287	123.4			
T	41.564283109	2.253220128	123.4			
T	41.564305231	2.253149273	123.5			
T	41.564315425	2.253083081	123.5			
T	41.564331180	2.253030484	123.6			
T	41.564349940	2.252984427	123.7			
T	41.564374915	2.252941144	123.9			
T	41.564392872	2.252887101	123.9			
T	41.564414175	2.252830768	124.0			
T	41.564429817	2.252785413	124.0			
T	41.564455911	2.252741817	124.3			
T	41.564487390	2.252707995	124.7			
T	41.564493877	2.252661553	124.8			
T	41.564530636	2.252644212	125.1			
T	41.564552476	2.252605985	125.2			
T	41.564586145	2.252568202	125.3			
T	41.564620990	2.252528265	125.2			
T	41.564662532	2.252496617	125.0			
T	41.564707421	2.252457243	125.2			
T	41.564744088	2.252433032	125.4			
T	41.564789032	2.252395421	125.7			
T	41.564825765	2.252366321	125.9			
T	41.564872859	2.252350810	126.0			
T	41.564914823	2.252326575	126.1			
T	41.564959062	2.252298877	126.2			
T	41.565013138	2.252286309	126.3			
T	41.565057152	2.252253787	126.4			
T	41.565101899	2.252256031	126.6			
T	41.565150636	2.252242740	126.7			
T	41.565185591	2.252235731	126.8			
T	41.565223197	2.252224731	126.8			
T	41.565275960	2.252222179	127.0			
T	41.565317038	2.252221598	127.0			
T	41.565356124	2.252219132	127.0			
T	41.565390921	2.252219698	127.0			
T	41.565428638	2.252221944	127.0			
T	41.565453083	2.252219576	127.0			
T	41.565479546	2.252223968	127.0			
T	41.565501199	2.252223009	127.0			
T	41.565530105	2.252231085	127.1			
T	41.565556186	2.252231428	127.1			
T	41.565584101	2.252237189	127.2			
T	41.565604935	2.252239029	127.2			
T	41.565624199	2.252242269	127.2			
T	41.565641012	2.252244112	127.2			
T	41.565662927	2.252247747	127.2			
T	41.565717246	2.252257359	127.3			
T	41.565745377	2.252262193	127.3			
T	41.565788050	2.252279006	127.4			
T	41.565818825	2.252285040	127.5			
T	41.565853530	2.252294439	127.6			
T	41.565880134	2.252304132	127.7			
T	41.565916077	2.252318593	127.8			
T	41.565949384	2.252331754	127.9			
T	41.565996048	2.252351900	128.0			
T	41.566044684	2.252370906	128.0			
T	41.566105231	2.252400808	128.0			
T	41.566146106	2.252424009	128.0			
T	41.566205156	2.252457616	128.1			
T	41.566257119	2.252487122	128.0			
T	41.566303815	2.252516839	128.1			
T	41.566348371	2.252550842	128.3			
T	41.566395293	2.252586961	128.3			
T	41.566444960	2.252627481	128.6			
T	41.566486529	2.252658762	128.7			
T	41.566533055	2.252696481	128.9			
T	41.566568081	2.252725351	128.9			
T	41.566603663	2.252758758	129.0			
T	41.566640906	2.252794615	129.1			
T	41.566685275	2.252828333	129.3			
T	41.566722153	2.252862230	129.5			
T	41.566760058	2.252893029	129.6			
T	41.566796032	2.252923893	129.6			
T	41.566838935	2.252957738	129.5			
T	41.566873869	2.252986623	129.4			
T	41.566911427	2.253018792	129.2			
T	41.566937381	2.253038625	129.0			
T	41.566965754	2.253063754	129.2			
T	41.566993206	2.253089588	129.5			
T	41.567034151	2.253123895	129.8			
T	41.567074012	2.253156272	130.0			
T	41.567110375	2.253184198	130.2			
T	41.567147439	2.253220599	130.2			
T	41.567182107	2.253247281	130.2			
T	41.567209640	2.253270059	130.1			
T	41.567236235	2.253292517	130.0			
T	41.567264798	2.253315978	130.0			
T	41.567288330	2.253335058	130.0			
T	41.567308083	2.253352431	130.2			
T	41.567332660	2.253373773	130.4			
T	41.567381464	2.253416229	130.5			
T	41.567439913	2.253463160	130.4			
T	41.567480579	2.253497810	130.2			
T	41.567531894	2.253541290	130.1			
T	41.567578200	2.253577714	130.3			
T	41.567613673	2.253608199	130.4			
T	41.567650127	2.253640277	130.8			
T	41.567677858	2.253662892	131.0			
T	41.567709649	2.253688530	131.1			
T	41.567734506	2.253709175	131.1			
T	41.567765621	2.253734014	131.1			
T	41.567789151	2.253757497	131.0			
T	41.567810072	2.253774924	131.0			
T	41.567892792	2.253841403	131.0			
T	41.567916749	2.253862453	131.0			
T	41.567943077	2.253884014	131.0			
T	41.567970598	2.253906038	131.1			
T	41.568003752	2.253928548	131.2			
T	41.568046151	2.253964101	131.3			
T	41.568084335	2.253996358	131.4			
T	41.568122796	2.254025005	131.6			
T	41.568165100	2.254069839	131.8			
T	41.568208625	2.254101106	131.9			
T	41.568234811	2.254129289	132.0			
T	41.568250574	2.254144934	132.0			
T	41.568262829	2.254163240	132.0			
T	41.568279871	2.254187747	132.1			
T	41.568290081	2.254207225	132.1			
T	41.568306971	2.254233448	132.1			
T	41.568315789	2.254255625	132.1			
T	41.568329885	2.254292723	132.0			
T	41.568349404	2.254351387	132.1			
T	41.568361727	2.254399142	132.1			
T	41.568373875	2.254460566	132.1			
T	41.568385977	2.254509078	132.2			
T	41.568387577	2.254558942	132.2			
T	41.568383835	2.254599336	132.2			
T	41.568386626	2.254642966	132.2			
T	41.568379000	2.254688532	132.2			
T	41.568370706	2.254734395	132.2			
T	41.568355242	2.254778894	132.3			
T	41.568344724	2.254829533	132.4			
T	41.568334324	2.254850229	132.5			
T	41.568318073	2.254876204	132.7			
T	41.568299416	2.254906836	132.9			
T	41.568285033	2.254943179	133.0			
T	41.568261769	2.254969694	133.1			
T	41.568243607	2.255003810	133.0			
T	41.568231622	2.255031080	133.1			
T	41.568207751	2.255059018	133.1			
T	41.568165496	2.255105544	133.2			
T	41.568140427	2.255134136	133.1			
T	41.568108812	2.255159580	133.1			
T	41.568078788	2.255187160	133.1			
T	41.568051381	2.255204730	133.0			
T	41.568012478	2.255222830	133.2			
T	41.567983074	2.255248737	133.1			
T	41.567916740	2.255282781	133.0			
T	41.567858140	2.255292385	133.1			
T	41.567812134	2.255299319	133.1			
T	41.567781341	2.255302178	133.1			
T	41.567745900	2.255308123	133.1			
T	41.567712203	2.255312041	133.1			
T	41.567685002	2.255314393	133.1			
T	41.567650205	2.255315839	133.1			
T	41.567622856	2.255313145	133.1			
T	41.567580384	2.255308866	133.1			
T	41.567538801	2.255299409	133.1			
T	41.567501052	2.255292054	133.1			
T	41.567450616	2.255276405	133.0			
T	41.567384629	2.255245324	133.3			
T	41.567319653	2.255218038	133.3			
T	41.567257084	2.255183902	133.2			
T	41.567203195	2.255137703	133.0			
T	41.567168214	2.255113377	133.0			
T	41.567121745	2.255075842	133.0			
T	41.567078695	2.255039469	133.0			
T	41.567027115	2.255001188	133.0			
T	41.566972891	2.254956776	133.1			
T	41.566924037	2.254914917	132.9			
T	41.566866848	2.254868870	132.7			
T	41.566820117	2.254829899	132.6			
T	41.566761007	2.254776010	132.3			
T	41.566701471	2.254723947	132.1			
T	41.566625990	2.254652384	132.3			
T	41.566570273	2.254611309	132.2			
T	41.566513583	2.254559192	132.0			
T	41.566445344	2.254506005	131.5			
T	41.566376136	2.254442821	131.0			
T	41.566310378	2.254393142	131.3			
T	41.566250210	2.254344037	131.4			
T	41.566202009	2.254301397	131.3			
T	41.566149763	2.254252739	131.2			
T	41.566104550	2.254217745	130.9			
T	41.566064458	2.254187659	130.7			
T	41.566011420	2.254143913	130.5			
T	41.565963784	2.254099367	130.4			
T	41.565907139	2.254057231	130.1			
T	41.565852379	2.254012654	129.8			
T	41.565800878	2.253966291	129.5			
T	41.565770693	2.253946963	129.3			
T	41.565747252	2.253939890	129.2			
T	41.565719952	2.253923812	129.1			
T	41.565694829	2.253920649	128.9			
T	41.565693361	2.253919166	128.9			
T	41.565664140	2.253912358	128.7			
T	41.565632601	2.253910312	128.5			
T	41.565602278	2.253912019	128.3			
T	41.565574506	2.253915627	128.0			
T	41.565554152	2.253920084	127.9			
T	41.565532814	2.253926342	127.9			
T	41.565509905	2.253932123	127.8			
T	41.565499201	2.253944064	127.8			
T	41.565476450	2.253954090	127.8			
T	41.565450338	2.253967368	127.7			
T	41.565434395	2.253978766	127.7			
T	41.565412561	2.254002204	127.6			
T	41.565396352	2.254027699	127.5			
T	41.565373947	2.254047208	127.4			
T	41.565354134	2.254069423	127.3			
T	41.565337796	2.254094320	127.3			
T	41.565317720	2.254130557	127.1			
T	41.565304901	2.254155654	127.0			
T	41.565291671	2.254186596	126.9			
T	41.565285371	2.254220252	126.8			
T	41.565275580	2.254249838	126.7			
T	41.565268446	2.254285856	126.6			
T	41.565265947	2.254325600	126.4			
T	41.565260538	2.254367733	126.2			
T	41.565256020	2.254395037	126.1			
T	41.565252897	2.254420437	125.9			
T	41.565256183	2.254449859	125.8			
T	41.565262265	2.254479520	125.6			
T	41.565265056	2.254507439	125.4			
T	41.565272654	2.254533825	125.3			
T	41.565272548	2.254557702	125.1			
T	41.565280132	2.254595963	124.9			
T	41.565290040	2.254632079	124.6			
T	41.565304501	2.254668650	124.4			
T	41.565317637	2.254712913	124.1			
T	41.565330451	2.254751769	123.9			
T	41.565340263	2.254782048	123.7			
T	41.565352909	2.254819125	123.6			
T	41.565365382	2.254855870	123.4			
T	41.565373139	2.254882415	123.2			
T	41.565380165	2.254908585	123.1			
T	41.565389117	2.254929162	123.0			
T	41.565399188	2.254956560	122.8			
T	41.565406311	2.254978032	122.7			
T	41.565414947	2.255001014	122.5			
T	41.565421785	2.255023758	122.4			
T	41.565431224	2.255053462	122.2			
T	41.565449162	2.255105489	121.9			
T	41.565465463	2.255146798	121.6			
T	41.565475759	2.255187231	121.4			
T	41.565494475	2.255229488	121.2			
T	41.565504595	2.255266050	121.0			
T	41.565515010	2.255300537	120.9			
T	41.565524873	2.255329682	120.8			
T	41.565532911	2.255355695	120.7			
T	41.565544050	2.255385433	120.6			
T	41.565550822	2.255405519	120.5			
T	41.565555118	2.255426297	120.5			
T	41.565561977	2.255447416	120.4			
T	41.565575111	2.255482946	120.2			
T	41.565582883	2.255511976	120.1			
T	41.565592114	2.255535781	120.0			
T	41.565603523	2.255563753	119.8			
T	41.565608268	2.255584647	119.7			
T	41.565615151	2.255606210	119.6			
T	41.565631114	2.255648266	119.4			
T	41.565644400	2.255686419	119.2			
T	41.565654646	2.255725323	119.0			
T	41.565673894	2.255774144	118.8			
T	41.565687361	2.255817783	118.6			
T	41.565703244	2.255855342	118.4			
T	41.565711351	2.255887662	118.3			
T	41.565724490	2.255923704	118.2			
T	41.565735183	2.255955672	118.1			
T	41.565746754	2.255985624	117.9			
T	41.565757319	2.256017186	117.8			
T	41.565799155	2.256128863	117.2			
T	41.565817009	2.256177679	117.1			
T	41.565832485	2.256218646	117.0			
T	41.565846195	2.256252929	117.0			
T	41.565859198	2.256289842	117.0			
T	41.565881000	2.256338585	116.9			
T	41.565896166	2.256379515	116.8			
T	41.565917481	2.256416075	116.6			
T	41.565935389	2.256452451	116.4			
T	41.565953742	2.256489123	116.2			
T	41.565971888	2.256517953	116.0			
T	41.566012875	2.256589221	115.6			
T	41.566051712	2.256654901	115.3			
T	41.566097446	2.256727344	115.0			
T	41.566146708	2.256799983	115.1			
T	41.566197882	2.256871259	115.1			
T	41.566243419	2.256927787	115.0			
T	41.566287629	2.256980313	115.0			
T	41.566343817	2.257040759	115.0			
T	41.566380771	2.257082179	115.0			
T	41.566419312	2.257122760	115.0			
T	41.566454833	2.257159142	115.0			
T	41.566455646	2.257161528	115.0			
T	41.566556043	2.257240285	115.0			
T	41.566644903	2.257318449	115.0			
T	41.566735920	2.257397598	115.1			
T	41.566818591	2.257473008	115.1			
T	41.566891031	2.257534216	115.0			
T	41.566948150	2.257586174	115.3			
T	41.566999138	2.257626468	115.5			
T	41.567032456	2.257658870	115.6			
T	41.567066167	2.257685371	115.7			
T	41.567104842	2.257718582	115.8			
T	41.567136629	2.257742106	115.9			
T	41.567168834	2.257764713	116.0			
T	41.567216786	2.257799825	116.1			
T	41.567270677	2.257826406	116.3			
T	41.567325231	2.257851978	116.6			
T	41.567363998	2.257864184	116.8			
T	41.567404206	2.257864251	117.0			
T	41.567436446	2.257860012	117.1			
T	41.567471436	2.257856246	117.2			
T	41.567501305	2.257838415	117.2			
T	41.567550298	2.257827136	117.5			
T	41.567578036	2.257801958	117.6			
T	41.567607587	2.257778736	117.8			
T	41.567644713	2.257743200	118.0			
T	41.567682261	2.257732078	118.2			
T	41.567703194	2.257694476	118.2			
T	41.567698832	2.257686851	118.2			
T	41.567729070	2.257659530	118.3			
T	41.567747521	2.257600278	118.2			
T	41.567776093	2.257548445	118.2			
T	41.567795548	2.257519155	118.2			
T	41.567813209	2.257489133	118.3			
T	41.567827576	2.257455696	118.5			
T	41.567844504	2.257418599	118.7			
T	41.567861920	2.257388503	118.9			
T	41.567877352	2.257357168	119.0			
T	41.567890012	2.257323664	119.2			
T	41.567911000	2.257291000	119.4			
T	41.567930580	2.257257476	119.5			
T	41.567945515	2.257220057	119.6			
T	41.567970478	2.257184447	120.0			
T	41.567992490	2.257156886	120.3			
T	41.568014015	2.257127898	120.6			
T	41.568037957	2.257097465	120.9			
T	41.568064079	2.257068609	121.2			
T	41.568096895	2.257048588	121.5			
T	41.568125928	2.257021956	121.8			
T	41.568160840	2.256996679	122.1			
T	41.568197421	2.256970395	122.4			
T	41.568223642	2.256944183	122.6			
T	41.568261537	2.256917667	122.8			
T	41.568308473	2.256888405	123.1			
T	41.568354493	2.256864031	123.4			
T	41.568404821	2.256834216	123.7			
T	41.568446498	2.256807065	123.9			
T	41.568483607	2.256784036	124.1			
T	41.568525864	2.256766816	124.3			
T	41.568564267	2.256742316	124.6			
T	41.568598969	2.256720575	124.8			
T	41.568643678	2.256703211	125.1			
T	41.568685912	2.256675325	125.5			
T	41.568730647	2.256652491	125.9			
T	41.568770792	2.256629298	126.3			
T	41.568807158	2.256610254	126.6			
T	41.568852039	2.256590595	127.0			
T	41.568895107	2.256567437	127.4			
T	41.568930654	2.256541727	127.8			
T	41.568927285	2.256535642	127.8			
T	41.568976436	2.256515915	128.1			
T	41.569016753	2.256489064	128.4			
T	41.569060218	2.256465380	128.7			
T	41.569101964	2.256447126	128.9			
T	41.569128777	2.256427327	129.0			
T	41.569167184	2.256402415	129.1			
T	41.569212492	2.256378936	129.4			
T	41.569277648	2.256341192	130.0			
T	41.569331776	2.256305950	130.5			
T	41.569381514	2.256286060	130.9			
T	41.569433109	2.256250176	131.4			
T	41.569482515	2.256222224	131.8			
T	41.569522220	2.256207314	132.0			
T	41.569558875	2.256178438	132.3			
T	41.569587837	2.256157514	132.4			
T	41.569616768	2.256135733	132.6			
T	41.569651490	2.256123332	132.7			
T	41.569685157	2.256113129	132.9			
T	41.569713527	2.256092257	133.0			
T	41.569750923	2.256084124	133.2			
T	41.569783863	2.256073989	133.4			
T	41.569807609	2.256054700	133.5			
T	41.569841608	2.256052686	133.6			
T	41.569873263	2.256047224	133.8			
T	41.569905143	2.256043175	133.9			
T	41.569929416	2.256037391	134.0			
T	41.569962899	2.256042274	134.1			
T	41.569993245	2.256041612	134.2			
T	41.570025652	2.256045523	134.4			
T	41.570049699	2.256042229	134.6			
T	41.570084339	2.256058350	134.7			
T	41.570108804	2.256062425	134.9			
T	41.570132909	2.256070532	135.0			
T	41.570173174	2.256082506	135.3			
T	41.570200667	2.256092170	135.5			
T	41.570225876	2.256110315	135.6			
T	41.570254576	2.256124657	135.8			
T	41.570282723	2.256139547	135.9			
T	41.570303746	2.256158128	135.9			
T	41.570328763	2.256175135	136.0			
T	41.570354386	2.256199086	136.0			
T	41.570386264	2.256230502	136.1			
T	41.570413801	2.256255794	136.2			
T	41.570434755	2.256282742	136.3			
T	41.570458225	2.256307192	136.4			
T	41.570476732	2.256329492	136.5			
T	41.570494425	2.256351481	136.6			
T	41.570512129	2.256377461	136.7			
T	41.570527492	2.256398448	136.8			
T	41.570553073	2.256443101	136.8			
T	41.570573469	2.256481659	136.7			
T	41.570594653	2.256520194	136.7			
T	41.570612071	2.256552818	136.6			
T	41.570626521	2.256580757	136.6			
T	41.570636682	2.256603177	136.5			
T	41.570646396	2.256625723	136.5			
T	41.570657278	2.256650865	136.4			
T	41.570668208	2.256676155	136.3			
T	41.570676993	2.256699232	136.1			
T	41.570685798	2.256723978	135.9			
T	41.570694854	2.256748739	135.8			
T	41.570703533	2.256770155	135.7			
T	41.570720665	2.256818449	135.5			
T	41.570739476	2.256869771	135.4			
T	41.570757465	2.256920772	135.5			
T	41.570780128	2.256972603	135.8			
T	41.570800099	2.257023299	136.0			
T	41.570820386	2.257076210	136.3			
T	41.570840747	2.257133544	136.3			
T	41.570856853	2.257174381	136.2			
T	41.570877230	2.257223539	136.1			
T	41.570892463	2.257270260	135.9			
T	41.570933338	2.257382026	135.4			
T	41.570993151	2.257529010	134.8			
T	41.571055566	2.257683582	134.7			
T	41.571099969	2.257798571	135.6			
T	41.571134458	2.257895727	135.6			
T	41.571160797	2.257972130	135.4			
T	41.571197710	2.258066769	135.2			
T	41.571234055	2.258152584	134.7			
T	41.571266448	2.258242591	134.4			
T	41.571303202	2.258327562	134.5			
T	41.571336525	2.258418621	134.5			
T	41.571353990	2.258472230	134.6			
T	41.571395499	2.258575427	135.1			
T	41.571444221	2.258706733	135.0			
T	41.571491050	2.258820886	135.0			
T	41.571536124	2.258944877	134.7			
T	41.571583670	2.259067726	134.4			
T	41.571623994	2.259174358	134.5			
T	41.571657917	2.259270517	134.8			
T	41.571690792	2.259358776	134.9			
T	41.571724366	2.259445438	134.8			
T	41.571754206	2.259526673	134.5			
T	41.571811716	2.259674586	134.1			
T	41.571866604	2.259813330	133.4			
T	41.571914501	2.259949385	133.4			
T	41.571965816	2.260064972	134.1			
T	41.572016309	2.260196611	134.0			
T	41.572054306	2.260300791	133.4			
T	41.572089587	2.260394109	132.5			
T	41.572118046	2.260464553	132.1			
T	41.572147555	2.260545681	132.0			
T	41.572174879	2.260627730	132.1			
T	41.572211141	2.260722890	132.7			
T	41.572285550	2.260913617	132.3			
T	41.572342017	2.261068067	131.6			
T	41.572404190	2.261231960	130.6			
T	41.572461135	2.261379448	130.9			
T	41.572500176	2.261478200	132.0			
T	41.572534753	2.261581590	131.9			
T	41.572573480	2.261695605	131.3			
T	41.572601646	2.261768479	130.4			
T	41.572635207	2.261838941	129.9			
T	41.572670962	2.261912683	129.9			
T	41.572707419	2.261960735	130.4			
T	41.572749488	2.262006932	131.3			
T	41.572784729	2.262034955	132.0			
T	41.572821301	2.262053656	131.8			
T	41.572851913	2.262070337	131.7			
T	41.572879135	2.262082646	131.6			
T	41.572918987	2.262090739	131.5			
T	41.572960069	2.262087171	131.3			
T	41.573000208	2.262081892	131.2			
T	41.573029696	2.262070703	131.1			
T	41.573061240	2.262056056	131.0			
T	41.573094693	2.262036723	131.0			
T	41.573118068	2.262012891	131.0			
T	41.573138873	2.261986252	131.0			
T	41.573159669	2.261958838	131.0			
T	41.573190646	2.261931007	131.0			
T	41.573208159	2.261893406	131.1			
T	41.573231596	2.261856081	131.1			
T	41.573253296	2.261833140	131.1			
T	41.573264550	2.261808523	131.1			
T	41.573284147	2.261775613	131.1			
T	41.573302248	2.261741440	131.1			
T	41.573318879	2.261714013	131.0			
T	41.573327049	2.261684602	131.0			
T	41.573337355	2.261650484	131.1			
T	41.573350664	2.261617614	131.2			
T	41.573365506	2.261576037	131.4			
T	41.573377284	2.261535673	131.6			
T	41.573385905	2.261483736	131.7			
T	41.573397794	2.261436771	131.9			
T	41.573408327	2.261390927	132.0			
T	41.573423272	2.261344757	132.2			
T	41.573432093	2.261282741	132.4			
T	41.573441285	2.261219976	132.6			
T	41.573446343	2.261173910	132.8			
T	41.573447209	2.261104720	133.0			
T	41.573441711	2.261040668	133.0			
T	41.573441344	2.260983008	133.0			
T	41.573437866	2.260924458	133.0			
T	41.573435319	2.260870769	133.0			
T	41.573427012	2.260806540	133.1			
T	41.573410469	2.260735578	133.4			
T	41.573393416	2.260674644	133.6			
T	41.573381318	2.260618271	133.8			
T	41.573360153	2.260556794	134.0			
T	41.573327753	2.260467978	134.3			
T	41.573293934	2.260391806	134.7			
T	41.573255280	2.260321465	135.1			
T	41.573208804	2.260238618	135.5			
T	41.573157125	2.260153560	135.8			
T	41.573103671	2.260072571	136.0			
T	41.573065234	2.260010644	136.0			
T	41.573037925	2.259958483	136.2			
T	41.573009667	2.259904073	136.5			
T	41.572991980	2.259867355	136.7			
T	41.572972051	2.259816003	137.0			
T	41.572956386	2.259750897	137.3			
T	41.572946522	2.259676627	137.6			
T	41.572934986	2.259604734	137.9			
T	41.572929292	2.259543437	138.1			
T	41.572933396	2.259470330	138.3			
T	41.572941859	2.259412055	138.6			
T	41.572957425	2.259372990	138.8			
T	41.572959247	2.259307509	139.2			
T	41.572976936	2.259272706	139.3			
T	41.573003691	2.259227040	139.6			
T	41.573024161	2.259178088	139.9			
T	41.573044947	2.259137426	140.1			
T	41.573077509	2.259105855	140.2			
T	41.573103290	2.259078253	140.3			
T	41.573140071	2.259049736	140.4			
T	41.573173202	2.259027684	140.5			
T	41.573199233	2.258997676	140.6			
T	41.573230004	2.258984784	140.7			
T	41.573257528	2.258970119	140.7			
T	41.573283086	2.258953001	140.8			
T	41.573313999	2.258957380	140.8			
T	41.573349663	2.258944827	140.9			
T	41.573399114	2.258945602	141.0			
T	41.573444843	2.258949700	141.2			
T	41.573488421	2.258959549	141.3			
T	41.573526318	2.258970711	141.4			
T	41.573568374	2.258995457	141.5			
T	41.573614495	2.259024039	141.5			
T	41.573658651	2.259064535	141.5			
T	41.573692861	2.259105085	141.5			
T	41.573736271	2.259159403	141.5			
T	41.573758858	2.259196598	141.5			
T	41.573785511	2.259237779	141.6			
T	41.573808628	2.259274489	141.7			
T	41.573832146	2.259309546	141.8			
T	41.573849345	2.259338895	141.9			
T	41.573866373	2.259367602	141.9			
T	41.573882886	2.259398258	142.0			
T	41.573900948	2.259430040	142.0			
T	41.573925234	2.259467678	141.9			
T	41.573949694	2.259510041	141.8			
T	41.573983572	2.259570635	141.7			
T	41.574015002	2.259622074	141.7			
T	41.574049499	2.259674438	141.7			
T	41.574081861	2.259731334	141.7			
T	41.574115362	2.259780950	141.6			
T	41.574154433	2.259836265	141.5			
T	41.574187556	2.259894435	141.4			
T	41.574223814	2.259961124	141.2			
T	41.574261583	2.260021275	140.9			
T	41.574291369	2.260065496	140.8			
T	41.574312993	2.260097412	140.6			
T	41.574334939	2.260133546	140.5			
T	41.574359138	2.260168556	140.4			
T	41.574381589	2.260209393	140.2			
T	41.574406338	2.260252835	140.1			
T	41.574433401	2.260296190	139.9			
T	41.574477119	2.260358770	139.8			
T	41.574507117	2.260415271	139.6			
T	41.574543597	2.260475685	139.4			
T	41.574572797	2.260527614	139.1			
T	41.574596551	2.260578715	138.9			
T	41.574622913	2.260635342	138.6			
T	41.574647912	2.260701749	138.3			
T	41.574664679	2.260756129	138.1			
T	41.574676388	2.260798559	138.0			
T	41.574691851	2.260852809	137.8			
T	41.574705576	2.260926748	137.6			
T	41.574709768	2.260995534	137.4			
T	41.574709584	2.261047064	137.2			
T	41.574710542	2.261095479	137.0			
T	41.574706358	2.261147596	136.8			
T	41.574703623	2.261194659	136.6			
T	41.574699600	2.261236068	136.5			
T	41.574694506	2.261280152	136.3			
T	41.574688715	2.261320492	136.1			
T	41.574679781	2.261354949	136.0			
T	41.574662955	2.261386526	135.8			
T	41.574649562	2.261420988	135.6			
T	41.574629403	2.261468192	135.3			
T	41.574609629	2.261522510	134.9			
T	41.574589386	2.261575827	134.5			
T	41.574569312	2.261622851	134.1			
T	41.574546030	2.261667739	133.7			
T	41.574535673	2.261708339	133.6			
T	41.574517146	2.261734744	133.5			
T	41.574495719	2.261765897	133.3			
T	41.574478172	2.261802257	133.2			
T	41.574458862	2.261837169	133.1			
T	41.574438128	2.261877914	133.0			
T	41.574422304	2.261929006	132.8			
T	41.574402634	2.261978152	132.6			
T	41.574379623	2.262017175	132.3			
T	41.574354766	2.262055391	132.1			
T	41.574320283	2.262102584	131.8			
T	41.574298780	2.262175584	131.6			
T	41.574267824	2.262230035	131.3			
T	41.574243076	2.262296017	131.0			
T	41.574217947	2.262343463	130.7			
T	41.574192824	2.262410666	130.4			
T	41.574172730	2.262462791	130.2			
T	41.574120584	2.262560258	129.6			
T	41.574080697	2.262637234	129.2			
T	41.574026617	2.262746315	128.6			
T	41.573983322	2.262832059	128.2			
T	41.573950950	2.262884684	127.9			
T	41.573932408	2.262934732	127.7			
T	41.573899246	2.263000051	127.3			
T	41.573873307	2.263065125	127.0			
T	41.573842615	2.263114918	126.9			
T	41.573805080	2.263170469	126.8			
T	41.573789623	2.263222511	126.6			
T	41.573759366	2.263282716	126.2			
T	41.573723549	2.263334671	125.8			
T	41.573697701	2.263364235	125.7			
T	41.573672624	2.263387539	125.6			
T	41.573645205	2.263422569	125.5			
T	41.573627377	2.263442940	125.5			
T	41.573594922	2.263464560	125.4			
T	41.573562519	2.263494174	125.4			
T	41.573520198	2.263513377	125.3			
T	41.573485781	2.263532979	125.3			
T	41.573455958	2.263541153	125.2			
T	41.573413242	2.263561296	125.1			
T	41.573371180	2.263578880	125.0			
T	41.573338600	2.263588946	124.9			
T	41.573297515	2.263602062	124.8			
T	41.573237175	2.263602368	124.6			
T	41.573177680	2.263603222	124.4			
T	41.573123436	2.263603220	124.2			
T	41.573074819	2.263596119	124.1			
T	41.573016535	2.263582864	124.0			
T	41.572947532	2.263548539	123.9			
T	41.572878143	2.263518136	123.8			
T	41.572821775	2.263480126	123.6			
T	41.572737033	2.263413508	123.2			
T	41.572654165	2.263348370	123.0			
T	41.572543157	2.263256392	122.7			
T	41.572444974	2.263167127	122.4			
T	41.572326985	2.263074313	122.1			
T	41.572198003	2.262960154	122.0			
T	41.572049908	2.262833706	122.0			
T	41.571916577	2.262729241	121.8			
T	41.571780241	2.262603708	121.4			
T	41.571614020	2.262473032	121.0			
T	41.571417297	2.262311301	121.0			
T	41.571292582	2.262204619	121.0			
T	41.571198025	2.262121792	120.8			
T	41.571086193	2.262029438	120.3			
T	41.570987016	2.261947077	120.0			
T	41.570870686	2.261846221	120.0			
T	41.570777189	2.261765454	120.1			
T	41.570677800	2.261679391	120.0			
T	41.570577157	2.261588453	120.0			
T	41.570457597	2.261499904	120.1			
T	41.570324401	2.261379398	120.0			
T	41.570199082	2.261269318	120.2			
T	41.570070221	2.261168825	120.2			
T	41.569962244	2.261073221	120.1			
T	41.569887289	2.261012701	120.3			
